[header]
width=32
height=32
tilewidth=16
tileheight=16
orientation=orthogonal

[tilesets]
tileset=tileset/collision.png
tileset=tileset/ff_master_tile_sheet.png
tileset=tileset/dungeon.png
tileset=tileset/terrain.png
tileset=tileset/outside.png

[layer]
type=sol1
data=
6067,6067,6067,6067,6067,6067,6067,6067,6067,6067,6067,6067,6067,6067,6067,6067,6067,6067,6067,6067,6067,6067,6067,6067,6067,6067,6067,6067,6067,6067,6067,6067,
6067,6067,6067,6067,6067,6067,6067,6067,6067,6067,6067,6067,6067,6067,6067,6067,6067,6067,6067,6067,6067,6067,6067,6067,6067,6067,6067,6067,6067,6067,6067,6067,
6067,6067,6067,6067,6067,6067,6067,6067,6067,6067,6067,6067,6067,6067,6067,6067,6067,6067,6067,6067,6067,6067,6067,6067,6067,6067,6067,6067,6067,6067,6067,6067,
6067,6067,6067,6067,6067,6067,6119,3660,3660,5963,3659,3660,3660,3660,3664,3660,3660,3664,3659,3660,3660,3660,3664,3664,3659,6067,6067,6067,6067,6067,6067,6067,
6067,6067,6067,6067,6067,3664,6171,3664,3659,3660,3660,3664,3664,3664,3660,3659,3659,3664,3660,3660,3659,3664,3659,3659,3664,3659,6067,6067,6067,6067,6067,6067,
6067,6067,6067,6067,3660,6171,6223,3659,3664,3659,3660,3660,3659,3664,3660,3659,3660,3660,3660,3660,3664,3664,3660,3664,3664,3660,6067,6067,6067,6067,6067,6067,
6067,6067,6067,3664,6171,6223,3660,3664,3664,3659,3664,3660,3664,3660,3660,3660,3664,3659,3660,3664,3659,3659,3660,3659,3664,3659,6067,6067,6067,6067,6067,6067,
6067,6067,6067,6171,6223,3664,3659,3659,3659,3660,3664,3660,3659,3664,3664,3659,3660,3659,3659,3660,3660,3660,3660,3660,3664,3664,6119,6067,6067,6067,6067,6067,
6067,6067,6067,6223,3659,3664,3660,3664,3664,3659,3664,3659,3664,3660,3664,3659,3660,3660,3659,3659,3660,3659,3660,3664,3664,3659,6171,6119,6067,6067,6067,6067,
6067,6067,6067,3660,3659,3659,3660,3659,3659,3659,3664,3660,3664,3660,3659,3664,3659,3660,3660,3664,3660,3664,3659,3664,3664,3660,6223,6171,6119,6067,6067,6067,
6067,6067,6067,3664,3659,3664,3660,3660,3664,3664,3659,3664,3664,3660,3660,3660,3659,3659,3659,3660,3664,3664,3664,3659,3659,3664,3664,6223,6171,6067,6067,6067,
6067,6067,6067,3664,3659,3659,3659,3664,3659,3660,3660,3664,3664,3660,3660,3664,3659,3664,3659,3659,3659,3659,3660,3659,3664,3659,3664,3659,6223,6067,6067,6067,
6067,6067,6067,3664,3660,3660,3664,3659,3659,3664,3660,3664,3659,3660,3660,3664,3659,3659,3659,3660,3659,3659,3659,3664,3659,3664,3659,3664,3664,6067,6067,6067,
6067,6067,6067,3660,3660,3659,3659,3659,3664,3664,3659,3659,3659,3660,3664,3664,3664,3660,3664,3664,3659,3659,3659,3660,3660,3659,3660,3664,3660,6067,6067,6067,
6067,6067,6067,3659,3659,3660,3660,3664,3659,3659,3659,3659,3659,3660,3659,3660,3659,3664,3659,3660,3659,3659,3660,3659,3659,3664,3659,3660,3660,6067,6067,6067,
6067,6067,6067,6067,3660,3660,3659,3664,3660,3664,3660,3659,3664,3664,3660,3659,3659,3659,3659,3659,3664,3664,3659,3660,3660,3659,3660,3659,3659,6067,6067,6067,
6067,6067,6067,6067,6067,3659,3660,3660,3664,3664,3660,3664,3660,3664,3659,3664,3659,3659,3660,3664,3664,3664,3660,3660,3660,3660,3659,3660,3664,6067,6067,6067,
6067,6067,6067,6067,6067,3660,3659,3659,3664,3659,3660,3659,3660,3660,3659,3660,3664,3664,3659,3660,3664,3660,3664,3659,3660,3660,3664,3660,3659,6067,6067,6067,
6067,6067,6067,6067,6067,3664,3659,3664,3664,3660,3664,3660,3659,3664,3659,3660,3659,3664,3659,3660,3659,3660,3664,3659,3664,3660,3664,3660,3660,6067,6067,6067,
6067,6067,6067,6067,6067,3659,3659,3660,3660,3660,3659,3659,3664,3660,3660,3659,3660,3659,3660,3659,3660,3664,3664,3660,3659,3659,3660,3660,3664,6067,6067,6067,
6067,6067,6067,6067,6067,3660,3659,3664,3664,3664,3660,3660,3664,3659,3659,3659,3659,3664,3660,3664,3659,3659,3664,3660,3664,3659,3664,3659,3659,6067,6067,6067,
6067,6067,6067,6067,6067,3664,3660,3664,3664,3664,3659,3659,3664,3659,3660,3660,3664,3660,3659,3659,3664,3659,3660,3660,3660,3659,3660,3664,3660,6067,6067,6067,
6067,6067,6067,6067,3659,3659,3664,3664,3660,3660,3664,3664,3659,3660,3664,3664,3664,3664,3660,3660,3660,3660,3659,3660,3664,3664,3660,3664,3664,6067,6067,6067,
6067,6067,6067,6067,3659,3664,3659,3664,3664,3664,3660,3660,3664,3660,3660,3660,3660,3659,3659,3659,3660,3660,3659,3660,3660,3659,3660,3664,3659,6067,6067,6067,
6067,6067,6067,6067,3660,3659,3664,3659,3659,3659,3659,3659,3659,3660,3659,3660,3660,3664,3660,3660,3659,3659,3664,3660,3659,3660,3664,3659,3664,6067,6067,6067,
6067,6067,6067,6067,3660,3660,3660,3660,3660,3664,3664,3660,3659,3660,3664,3660,3660,3659,3659,3660,3659,3660,3659,3660,3659,3659,3659,3660,3664,6067,6067,6067,
6067,6067,6067,6067,3659,3660,3664,3659,3659,3659,3664,3664,3659,3664,3664,3660,3660,3660,3664,3660,3659,3664,3659,3660,3660,3660,3660,3659,6067,6067,6067,6067,
6067,6067,6067,6067,3660,3660,3659,3660,3659,3659,3660,3659,3660,3659,3659,3664,3660,3660,3660,3664,3659,3664,3659,3659,3660,3659,3660,6067,6067,6067,6067,6067,
6067,6067,6067,6067,3659,3660,3659,3659,3659,3660,3664,3659,3664,3659,3660,3659,3664,3659,3659,3664,3664,3659,3664,3660,3660,3660,6067,6067,6067,6067,6067,6067,
6067,6067,6067,6067,6067,6067,6067,6067,6067,6067,6067,6067,3660,3660,3660,3660,3664,3659,3660,3660,3664,3664,3664,3659,3660,6067,6067,6067,6067,6067,6067,6067,
6067,6067,6067,6067,6067,6067,6067,6067,6067,6067,6067,6067,3664,3664,3664,3660,3660,3660,6067,6067,6067,6067,6067,6067,6067,6067,6067,6067,6067,6067,6067,6067,
6067,6067,6067,6067,6067,6067,6067,6067,6067,6067,6067,6067,5913,3660,3660,3659,3659,5909,6067,6067,6067,6067,6067,6067,6067,6067,6067,6067,6067,6067,6067,6067

[layer]
type=sol2
data=
0,0,0,0,0,0,0,0,0,0,0,0,0,0,0,0,0,0,0,0,0,0,0,0,0,0,0,0,0,0,0,0,
0,0,0,0,0,0,0,0,0,0,0,0,0,0,0,0,0,0,0,0,0,0,0,0,0,0,0,0,0,0,0,0,
0,0,0,0,0,0,0,0,0,0,0,0,0,0,0,0,0,0,0,0,0,0,0,0,0,0,0,0,0,0,0,0,
0,0,0,0,0,0,6068,6011,6011,6011,6011,6011,6011,6011,6011,6011,6011,6011,6011,6011,6011,6011,6011,6011,6066,0,0,0,0,0,0,0,
0,0,0,0,0,6068,6012,0,0,0,0,0,0,0,0,0,0,0,0,0,0,0,0,0,6010,6066,0,0,0,0,0,0,
0,0,0,0,6068,6012,0,0,0,0,0,0,0,0,0,0,0,0,0,0,0,0,0,0,0,5909,0,0,0,0,0,0,
0,0,0,6068,6012,0,0,0,0,0,0,0,0,5608,5609,5610,5611,5612,5613,0,0,0,0,0,0,5961,0,0,0,0,0,0,
0,0,0,6017,0,0,0,0,0,0,0,0,0,5660,5661,5662,5663,5664,5665,0,0,0,0,0,0,6010,6066,0,0,0,0,0,
0,0,0,6017,0,0,0,0,0,0,0,0,0,5712,5713,5714,5715,5716,5717,0,0,0,0,0,0,0,6010,6066,0,0,0,0,
0,0,0,6017,0,0,0,0,0,0,0,0,0,5764,5765,5766,5767,5768,5769,0,0,0,0,0,0,0,0,6010,6066,0,0,0,
0,0,0,6017,0,0,0,0,0,0,0,0,0,5816,5817,5818,5819,5820,5821,0,0,0,0,0,0,0,0,0,6013,0,0,0,
0,0,0,6017,0,0,0,0,0,0,0,0,0,0,5869,5974,5975,5872,0,0,0,0,0,0,0,0,0,0,6013,0,0,0,
0,0,0,6017,0,0,0,0,0,0,0,0,0,0,0,0,0,0,0,0,0,0,0,0,0,0,0,0,6013,0,0,0,
0,0,0,6017,0,0,0,0,0,0,0,0,0,0,0,0,0,0,0,0,0,0,0,0,0,0,0,0,6013,0,0,0,
0,0,0,5960,5908,0,0,0,0,0,0,0,0,0,0,0,0,0,0,0,0,0,0,0,0,0,0,0,6013,0,0,0,
0,0,0,0,5960,5908,0,0,0,0,0,0,0,0,0,0,0,0,0,0,0,0,0,0,0,0,0,0,6013,0,0,0,
0,0,0,0,0,6017,0,0,0,0,0,0,0,0,0,0,0,0,0,0,0,0,0,0,0,0,0,0,6013,0,0,0,
0,0,0,0,0,6017,0,0,0,0,0,0,0,0,0,0,0,0,0,0,0,0,0,0,0,0,0,0,6013,0,0,0,
0,0,0,0,0,6017,0,0,0,0,0,0,0,0,0,0,0,0,0,0,0,0,0,0,0,0,0,0,6013,0,0,0,
0,0,0,0,0,6017,0,0,0,0,0,0,0,0,0,0,0,0,0,0,0,0,0,0,0,0,0,0,6013,0,0,0,
0,0,0,0,0,6017,0,0,0,0,0,0,0,0,0,0,0,0,0,0,0,0,0,0,0,0,0,0,6013,0,0,0,
0,0,0,0,0,6017,0,0,0,0,0,0,0,0,0,0,0,0,0,0,0,0,0,0,0,0,0,0,6013,0,0,0,
0,0,0,0,6068,6012,0,0,0,0,0,0,0,0,0,0,0,0,0,0,0,0,0,0,0,0,0,0,6013,0,0,0,
0,0,0,0,5913,0,0,0,0,0,0,0,0,0,0,0,0,0,0,0,0,0,0,0,0,0,0,0,6013,0,0,0,
0,0,0,0,5965,0,0,0,0,0,0,0,0,0,0,0,0,0,0,0,0,0,0,0,0,0,0,0,6013,0,0,0,
0,0,0,0,6017,0,0,0,0,0,0,0,0,0,0,0,0,0,0,0,0,0,0,0,0,0,0,5906,5958,0,0,0,
0,0,0,0,6017,0,0,0,0,0,0,0,0,0,0,0,0,0,0,0,0,0,0,0,0,0,5906,5958,0,0,0,0,
0,0,0,0,6017,0,0,0,0,0,0,0,0,0,0,0,0,0,0,0,0,0,0,0,0,5906,5958,0,0,0,0,0,
0,0,0,0,5960,5907,5907,5907,5907,5907,5907,5907,5908,0,0,0,0,0,0,0,0,0,0,0,5906,5958,0,0,0,0,0,0,
0,0,0,0,0,0,0,0,0,0,0,0,6017,0,0,0,0,5906,5907,5907,5907,5907,5907,5907,5958,0,0,0,0,0,0,0,
0,0,0,0,0,0,0,0,0,0,0,0,6017,0,0,0,0,6013,0,0,0,0,0,0,0,0,0,0,0,0,0,0,
0,0,0,0,0,0,0,0,0,0,0,0,0,0,0,0,0,0,0,0,0,0,0,0,0,0,0,0,0,0,0,0

[layer]
type=decord1
data=
0,0,0,0,0,0,0,0,0,0,0,0,0,0,0,0,0,0,0,0,0,0,0,0,0,0,0,0,0,0,0,0,
0,0,0,0,0,0,0,0,0,0,0,0,0,0,0,0,0,0,0,0,0,0,0,0,0,0,0,0,0,0,0,0,
0,0,0,0,0,0,0,0,0,0,0,0,0,0,0,0,0,0,0,0,0,0,0,0,0,0,0,0,0,0,0,0,
0,0,0,0,0,0,0,6119,6119,6119,6119,6119,6119,6119,6119,6119,6119,6119,6119,6119,6119,6119,6119,6119,0,0,0,0,0,0,0,0,
0,0,0,0,0,0,6069,6171,6171,6171,6171,6171,6171,6171,6171,6171,6171,6171,6171,6171,6171,6171,6171,6171,6118,0,0,0,0,0,0,0,
0,0,0,0,0,6069,6121,6223,6327,6327,6327,6327,6327,6327,6327,6327,6327,6327,6327,6327,6327,6327,6327,6327,6170,0,0,0,0,0,0,0,
0,0,0,0,6069,6121,6277,0,0,0,0,0,0,0,0,0,0,0,0,0,0,0,0,0,6273,0,0,0,0,0,0,0,
0,0,0,0,6121,6277,0,0,0,0,0,0,0,0,0,0,0,0,0,0,0,0,0,0,0,6065,0,0,0,0,0,0,
0,0,0,0,6277,0,0,0,0,0,0,0,0,0,0,0,0,0,0,0,0,0,5370,0,0,6117,6065,0,0,0,0,0,
0,0,0,0,0,0,0,0,5367,5371,0,0,0,0,0,0,0,0,0,0,0,0,5368,0,0,6273,6117,6065,0,0,0,0,
0,0,0,0,0,0,0,5370,5370,0,0,0,0,0,0,0,0,0,0,0,0,5369,5370,0,0,0,6273,6117,0,0,0,0,
0,0,0,0,0,0,5369,5370,0,5364,5362,5365,0,0,0,0,0,0,0,0,5370,5371,0,0,0,0,0,6273,0,0,0,0,
0,0,0,0,0,0,0,5362,5364,0,0,0,0,0,0,0,0,0,0,0,5367,5367,0,0,5364,0,0,0,0,0,0,0,
0,0,0,0,0,0,0,0,0,0,0,0,0,0,6077,6078,6079,6080,0,0,0,0,5368,5367,0,0,0,0,0,0,0,0,
0,0,0,0,0,0,0,0,0,0,0,0,0,0,0,0,0,0,0,0,0,0,0,5367,5368,0,0,0,0,0,0,0,
0,0,0,0,0,0,0,0,0,5367,5371,0,3241,0,0,0,0,0,0,0,3241,0,0,0,5368,5367,0,0,0,0,0,0,
0,0,0,0,0,0,0,0,5368,5368,5369,0,0,0,0,0,0,0,0,0,0,0,0,0,5368,5367,0,0,0,0,0,0,
0,0,0,0,0,0,0,0,5370,0,5370,0,0,0,0,0,0,0,0,0,0,0,0,5371,5368,0,0,0,0,0,0,0,
0,0,0,0,0,0,0,0,5368,0,5367,0,0,0,0,0,0,0,0,0,0,5367,5368,5367,0,0,0,0,0,0,0,0,
0,0,0,0,0,0,0,0,5370,0,5370,0,0,0,0,5370,0,0,0,0,0,5369,0,0,0,0,0,0,0,0,0,0,
0,0,0,0,0,0,0,0,0,5371,0,5369,5367,5369,5371,5370,0,0,0,0,0,5368,0,0,0,0,0,0,0,0,0,0,
0,0,0,0,0,0,0,0,0,5369,0,0,0,0,0,0,0,0,0,0,5364,5367,5363,0,0,0,0,0,0,0,0,0,
0,0,0,0,0,6069,0,0,5368,0,0,5365,0,0,0,0,5368,5369,5371,5368,5369,5371,5367,0,0,0,0,0,0,0,0,0,
0,0,0,0,0,6121,0,0,5371,0,0,5364,0,0,0,5370,5368,0,0,0,5369,5367,5368,5370,5367,5371,0,0,0,0,0,0,
0,0,0,0,0,6277,0,5367,0,0,0,5362,0,0,0,5367,0,5368,0,0,0,0,0,0,0,0,0,0,0,0,0,0,
0,0,0,0,0,0,0,5367,5369,5370,5369,5367,0,0,0,5368,0,5371,5368,5370,5371,5369,0,0,0,0,0,0,0,0,0,0,
0,0,0,0,0,0,0,5369,5368,0,0,0,0,0,0,5371,0,0,0,0,0,0,0,0,0,0,0,0,0,0,0,0,
0,0,0,0,0,0,0,0,0,0,0,0,0,0,0,5369,0,0,0,0,0,0,0,0,0,0,0,0,0,0,0,0,
0,0,0,0,0,0,0,0,0,0,0,0,0,0,0,5370,0,0,0,0,0,0,0,0,0,0,0,0,0,0,0,0,
0,0,0,0,0,0,0,0,0,0,0,0,0,0,0,0,0,0,0,0,0,0,0,0,0,0,0,0,0,0,0,0,
0,0,0,0,0,0,0,0,0,0,0,0,0,0,0,0,0,0,0,0,0,0,0,0,0,0,0,0,0,0,0,0,
0,0,0,0,0,0,0,0,0,0,0,0,0,0,0,0,0,0,0,0,0,0,0,0,0,0,0,0,0,0,0,0

[layer]
type=decord2
data=
0,0,0,0,0,0,0,0,0,0,0,0,0,0,0,0,0,0,0,0,0,0,0,0,0,0,0,0,0,0,0,0,
0,0,0,0,0,0,0,0,0,0,0,0,0,0,0,0,0,0,0,0,0,0,0,0,0,0,0,0,0,0,0,0,
0,0,0,0,0,0,0,0,0,0,0,0,0,0,0,0,0,0,0,0,0,0,0,0,0,0,0,0,0,0,0,0,
0,0,0,0,0,0,0,0,0,0,0,0,0,0,0,0,0,0,0,0,0,0,0,0,0,0,0,0,0,0,0,0,
0,0,0,0,0,0,0,0,0,0,0,0,0,0,0,0,0,0,0,0,0,0,0,0,0,0,0,0,0,0,0,0,
0,0,0,0,0,0,0,0,0,0,0,0,0,0,0,0,0,0,0,0,0,0,0,0,0,0,0,0,0,0,0,0,
0,0,0,0,0,0,0,0,0,0,0,0,0,0,0,0,0,0,0,0,0,0,0,0,0,0,0,0,0,0,0,0,
0,0,0,0,0,0,0,0,0,0,0,0,0,0,0,0,0,0,0,0,0,0,0,0,0,0,0,0,0,0,0,0,
0,0,0,0,0,0,0,0,0,0,0,0,0,0,0,0,0,0,0,0,0,0,0,0,0,0,0,0,0,0,0,0,
0,0,0,0,0,0,0,0,0,0,0,0,0,0,0,0,0,0,0,0,0,0,0,0,0,0,0,0,0,0,0,0,
0,0,0,0,0,0,0,0,0,0,0,0,0,0,0,0,0,0,0,0,0,0,0,0,0,0,0,0,0,0,0,0,
0,0,0,0,0,0,0,0,0,0,0,0,0,0,0,0,0,0,0,0,0,0,0,0,0,0,0,0,0,0,0,0,
0,0,0,0,0,0,0,0,0,0,0,0,0,0,0,6026,6027,0,0,0,0,0,0,0,0,0,0,0,0,0,0,0,
0,0,0,0,0,0,0,0,0,0,0,0,0,0,0,0,0,0,0,0,0,0,0,0,0,0,0,0,0,0,0,0,
0,0,0,0,0,0,0,0,0,0,0,0,3190,0,0,0,0,0,0,0,3190,0,0,0,0,0,0,0,0,0,0,0,
0,0,0,0,0,0,0,0,0,0,0,0,0,0,0,0,0,0,0,0,0,0,0,0,0,0,0,0,0,0,0,0,
0,0,0,0,0,0,0,0,0,0,0,0,0,0,0,0,0,0,0,0,0,0,0,0,0,0,0,0,0,0,0,0,
0,0,0,0,0,0,0,0,0,0,0,0,0,0,0,0,0,0,0,0,0,0,0,0,0,0,0,0,0,0,0,0,
0,0,0,0,0,0,0,0,0,0,0,0,0,0,0,0,0,0,0,0,0,0,0,0,0,0,0,0,0,0,0,0,
0,0,0,0,0,0,0,0,0,0,0,0,0,0,0,0,0,0,0,0,0,0,0,0,0,0,0,0,0,0,0,0,
0,0,0,0,0,0,0,0,0,0,0,0,0,0,0,0,0,0,0,0,0,0,0,0,0,0,0,0,0,0,0,0,
0,0,0,0,0,0,0,0,0,0,0,0,0,0,0,0,0,0,0,0,0,0,0,0,0,0,0,0,0,0,0,0,
0,0,0,0,0,0,0,0,0,0,0,0,0,0,0,0,0,0,0,0,0,0,0,0,0,0,0,0,0,0,0,0,
0,0,0,0,0,0,0,0,0,0,0,0,0,0,0,0,0,0,0,0,0,0,0,0,0,0,0,0,0,0,0,0,
0,0,0,0,0,0,0,0,0,0,0,0,0,0,0,0,0,0,0,0,0,0,0,0,0,0,0,0,0,0,0,0,
0,0,0,0,0,0,0,0,0,0,0,0,0,0,0,0,0,0,0,0,0,0,0,0,0,0,0,0,0,0,0,0,
0,0,0,0,0,0,0,0,0,0,0,0,0,0,0,0,0,0,0,0,0,0,0,0,0,0,0,0,0,0,0,0,
0,0,0,0,0,0,0,0,0,0,0,0,0,0,0,0,0,0,0,0,0,0,0,0,0,0,0,0,0,0,0,0,
0,0,0,0,0,0,0,0,0,0,0,0,0,0,0,0,0,0,0,0,0,0,0,0,0,0,0,0,0,0,0,0,
0,0,0,0,0,0,0,0,0,0,0,0,0,0,0,0,0,0,0,0,0,0,0,0,0,0,0,0,0,0,0,0,
0,0,0,0,0,0,0,0,0,0,0,0,0,0,0,0,0,0,0,0,0,0,0,0,0,0,0,0,0,0,0,0,
0,0,0,0,0,0,0,0,0,0,0,0,0,0,0,0,0,0,0,0,0,0,0,0,0,0,0,0,0,0,0,0

[layer]
type=collision
data=
1,1,1,1,1,1,1,1,1,1,1,1,1,1,1,1,1,1,1,1,1,1,1,1,1,1,1,1,1,1,1,1,
1,0,0,0,0,0,0,0,0,0,0,0,0,0,0,0,0,0,0,0,0,0,0,0,0,0,0,0,0,0,0,1,
1,0,0,0,0,0,0,0,0,0,0,0,0,0,0,0,0,0,0,0,0,0,0,0,0,0,0,0,0,0,0,1,
1,0,0,0,0,0,0,0,0,0,0,0,0,0,0,0,0,0,0,0,0,0,0,0,0,0,0,0,0,0,0,1,
1,0,0,0,0,0,0,0,0,0,0,0,0,0,0,0,0,0,0,0,0,0,0,0,0,0,0,0,0,0,0,1,
1,0,0,0,0,0,1,1,1,1,1,1,1,1,1,1,1,1,1,1,1,1,1,1,1,0,0,0,0,0,0,1,
1,0,0,0,0,1,1,0,0,0,0,0,0,0,0,0,0,0,0,0,0,0,0,0,1,1,0,0,0,0,0,1,
1,0,0,1,1,1,0,0,0,0,0,0,0,0,0,0,0,0,0,0,0,0,0,0,0,1,0,0,0,0,0,1,
1,0,0,1,1,0,0,0,0,0,0,0,0,0,0,0,0,0,0,0,0,0,0,0,0,1,0,0,0,0,0,1,
1,0,0,1,0,0,0,0,0,0,0,0,0,0,0,0,0,0,0,0,0,0,0,0,0,1,1,1,0,0,0,1,
1,0,0,1,0,0,0,0,0,0,0,0,0,0,0,0,0,0,0,0,0,0,0,0,0,0,1,1,0,0,0,1,
1,0,0,1,0,0,0,0,0,0,0,0,0,0,0,0,0,0,0,0,0,0,0,0,0,0,0,1,1,0,0,1,
1,0,0,1,0,0,0,0,0,0,0,0,0,0,0,0,0,0,0,0,0,0,0,0,0,0,0,0,1,0,0,1,
1,0,0,1,0,0,0,0,0,0,0,0,0,0,1,1,1,1,0,0,0,0,0,0,0,0,0,0,1,0,0,1,
1,0,0,1,0,0,0,0,0,0,0,0,0,0,0,0,0,0,0,0,0,0,0,0,0,0,0,0,1,0,0,1,
1,0,0,1,1,0,0,0,0,0,0,0,1,0,0,0,0,0,0,0,1,0,0,0,0,0,0,0,1,0,0,1,
1,0,0,0,1,1,0,0,0,0,0,0,0,0,0,0,0,0,0,0,0,0,0,0,0,0,0,0,1,0,0,1,
1,0,0,0,0,1,0,0,0,0,0,0,0,0,0,0,0,0,0,0,0,0,0,0,0,0,0,0,1,0,0,1,
1,0,0,0,0,1,0,0,0,0,0,0,0,0,0,0,0,0,0,0,0,0,0,0,0,0,0,0,1,0,0,1,
1,0,0,0,0,1,0,0,0,0,0,0,0,0,0,0,0,0,0,0,0,0,0,0,0,0,0,0,1,0,0,1,
1,0,0,0,0,1,0,0,0,0,0,0,0,0,0,0,0,0,0,0,0,0,0,0,0,0,0,0,1,0,0,1,
1,0,0,0,0,1,0,0,0,0,0,0,0,0,0,0,0,0,0,0,0,0,0,0,0,0,0,0,1,0,0,1,
1,0,0,0,0,1,0,0,0,0,0,0,0,0,0,0,0,0,0,0,0,0,0,0,0,0,0,0,1,0,0,1,
1,0,0,0,1,1,0,0,0,0,0,0,0,0,0,0,0,0,0,0,0,0,0,0,0,0,0,0,1,0,0,1,
1,0,0,0,1,1,0,0,0,0,0,0,0,0,0,0,0,0,0,0,0,0,0,0,0,0,0,0,1,0,0,1,
1,0,0,0,1,0,0,0,0,0,0,0,0,0,0,0,0,0,0,0,0,0,0,0,0,0,0,0,1,0,0,1,
1,0,0,0,1,0,0,0,0,0,0,0,0,0,0,0,0,0,0,0,0,0,0,0,0,0,0,1,1,0,0,1,
1,0,0,0,1,0,0,0,0,0,0,0,0,0,0,0,0,0,0,0,0,0,0,0,0,0,1,1,0,0,0,1,
1,0,0,1,1,0,0,0,0,0,0,0,0,0,0,0,0,0,0,0,0,0,0,0,0,1,1,0,0,0,0,1,
1,0,0,1,1,1,1,1,1,1,1,1,1,0,0,0,0,0,0,0,0,0,0,0,0,1,0,0,0,0,0,1,
1,0,0,0,0,0,0,0,0,0,0,0,1,0,0,0,0,1,1,1,1,1,1,1,1,1,0,0,0,0,0,1,
1,1,1,1,1,1,1,1,1,1,1,1,1,1,1,1,1,1,1,1,1,1,1,1,1,1,1,1,1,1,1,1

[layer]
type=event
data=
-42,-42,-42,-42,-42,-42,-42,-42,-42,-42,-42,-42,-42,-42,-42,-42,-42,-42,-42,-42,-42,-42,-42,-42,-42,-42,-42,-42,-42,-42,-42,-42,
-42,-42,-42,-42,-42,-42,-42,-42,-42,-42,-42,-42,-42,-42,-42,-42,-42,-42,-42,-42,-42,-42,-42,-42,-42,-42,-42,-42,-42,-42,-42,-42,
-42,-42,-42,-42,-42,-42,-42,-42,-42,-42,-42,-42,-42,-42,-42,-42,-42,-42,-42,-42,-42,-42,-42,-42,-42,-42,-42,-42,-42,-42,-42,-42,
-42,-42,-42,-42,-42,-42,-42,-42,-42,-42,-42,-42,-42,-42,-42,-42,-42,-42,-42,-42,-42,-42,-42,-42,-42,-42,-42,-42,-42,-42,-42,-42,
-42,-42,-42,-42,-42,-42,-42,-42,-42,-42,-42,-42,-42,-42,-42,-42,-42,-42,-42,-42,-42,-42,-42,-42,-42,-42,-42,-42,-42,-42,-42,-42,
-42,-42,-42,-42,-42,-42,-42,-42,-42,-42,-42,-42,-42,-42,-42,-42,-42,-42,-42,-42,-42,-42,-42,-42,-42,-42,-42,-42,-42,-42,-42,-42,
-42,-42,-42,-42,-42,-42,-42,-42,-42,-42,-42,-42,-42,-42,-42,-42,-42,-42,-42,-42,-42,-42,-42,-42,-42,-42,-42,-42,-42,-42,-42,-42,
-42,-42,-42,-42,-42,-42,-42,-42,-42,-42,-42,-42,-42,-42,-42,-42,-42,-42,-42,-42,-42,-42,-42,-42,-42,-42,-42,-42,-42,-42,-42,-42,
-42,-42,-42,-42,-42,-42,-42,-42,-42,-42,-42,-42,-42,-42,-42,-42,-42,-42,-42,-42,-42,-42,-42,-42,-42,-42,-42,-42,-42,-42,-42,-42,
-42,-42,-42,-42,-42,-42,-42,-42,-42,-42,-42,-42,-42,-42,-42,-42,-42,-42,-42,-42,-42,-42,-42,-42,-42,-42,-42,-42,-42,-42,-42,-42,
-42,-42,-42,-42,-42,-42,-42,-42,-42,-42,-42,-42,-42,-42,-42,-42,-42,-42,-42,-42,-42,-42,-42,-42,-42,-42,-42,-42,-42,-42,-42,-42,
-42,-42,-42,-42,-42,-42,-42,-42,-42,-42,-42,-42,-42,-42,-42,-42,-42,-42,-42,-42,-42,-42,-42,-42,-42,-42,-42,-42,-42,-42,-42,-42,
-42,-42,-42,-42,-42,-42,-42,-42,-42,-42,-42,-42,-42,-42,-42,-42,-42,-42,-42,-42,-42,-42,-42,-42,-42,-42,-42,-42,-42,-42,-42,-42,
-42,-42,-42,-42,-42,-42,-42,-42,-42,-42,-42,-42,-42,-42,-42,-42,-42,-42,-42,-42,-42,-42,-42,-42,-42,-42,-42,-42,-42,-42,-42,-42,
-42,-42,-42,-42,-42,-42,-42,-42,-42,-42,-42,-42,-42,-42,-42,-42,-42,-42,-42,-42,-42,-42,-42,-42,-42,-42,-42,-42,-42,-42,-42,-42,
-42,-42,-42,-42,-42,-42,-42,-42,-42,-42,-42,-42,-42,-42,-42,-42,-42,-42,-42,-42,-42,-42,-42,-42,-42,-42,-42,-42,-42,-42,-42,-42,
-42,-42,-42,-42,-42,-42,-42,-42,-42,-42,-42,-42,-42,-42,-42,-42,-42,-42,-42,-42,-42,-42,-42,-42,-42,-42,-42,-42,-42,-42,-42,-42,
-42,-42,-42,-42,-42,-42,-42,-42,-42,-42,-42,-42,-42,-42,-42,-42,-42,-42,-42,-42,-42,-42,-42,-42,-42,-42,-42,-42,-42,-42,-42,-42,
-42,-42,-42,-42,-42,-42,-42,-42,-42,-42,-42,-42,-42,-42,-42,-42,-42,-42,-42,-42,-42,-42,-42,-42,-42,-42,-42,-42,-42,-42,-42,-42,
-42,-42,-42,-42,-42,-42,-42,-42,-42,-42,-42,-42,-42,-42,-42,-42,-42,-42,-42,-42,-42,-42,-42,-42,-42,-42,-42,-42,-42,-42,-42,-42,
-42,-42,-42,-42,-42,-42,-42,-42,-42,-42,-42,-42,-42,-42,-42,-42,-42,-42,-42,-42,-42,-42,-42,-42,-42,-42,-42,-42,-42,-42,-42,-42,
-42,-42,-42,-42,-42,-42,-42,-42,-42,-42,-42,-42,-42,-42,-42,-42,-42,-42,-42,-42,-42,-42,-42,-42,-42,-42,-42,-42,-42,-42,-42,-42,
-42,-42,-42,-42,-42,-42,-42,-42,-42,-42,-42,-42,-42,-42,-42,-42,-42,-42,-42,-42,-42,-42,-42,-42,-42,-42,-42,-42,-42,-42,-42,-42,
-42,-42,-42,-42,-42,-42,-42,-42,-42,-42,-42,-42,-42,-42,-42,-42,-42,-42,-42,-42,-42,-42,-42,-42,-42,-42,-42,-42,-42,-42,-42,-42,
-42,-42,-42,-42,-42,-42,-42,-42,-42,-42,-42,-42,-42,-42,-42,-42,-42,-42,-42,-42,-42,-42,-42,-42,-42,-42,-42,-42,-42,-42,-42,-42,
-42,-42,-42,-42,-42,-42,-42,-42,-42,-42,-42,-42,-42,-42,-42,-42,-42,-42,-42,-42,-42,-42,-42,-42,-42,-42,-42,-42,-42,-42,-42,-42,
-42,-42,-42,-42,-42,-42,-42,-42,-42,-42,-42,-42,-42,-42,-42,-42,-42,-42,-42,-42,-42,-42,-42,-42,-42,-42,-42,-42,-42,-42,-42,-42,
-42,-42,-42,-42,-42,-42,-42,-42,-42,-42,-42,-42,-42,-42,-42,-42,-42,-42,-42,-42,-42,-42,-42,-42,-42,-42,-42,-42,-42,-42,-42,-42,
-42,-42,-42,-42,-42,-42,-42,-42,-42,-42,-42,-42,-42,-42,-42,-42,-42,-42,-42,-42,-42,-42,-42,-42,-42,-42,-42,-42,-42,-42,-42,-42,
-42,-42,-42,-42,-42,-42,-42,-42,-42,-42,-42,-42,-42,-42,-42,-42,-42,-42,-42,-42,-42,-42,-42,-42,-42,-42,-42,-42,-42,-42,-42,-42,
-42,-42,-42,-42,-42,-42,-42,-42,-42,-42,-42,-42,-42,-42,-42,-42,-42,-42,-42,-42,-42,-42,-42,-42,-42,-42,-42,-42,-42,-42,-42,-42,
-42,-42,-42,-42,-42,-42,-42,-42,-42,-42,-42,-42,-42,131,131,131,131,-42,-42,-42,-42,-42,-42,-42,-42,-42,-42,-42,-42,-42,-42,-42

