[header]
width=35
height=27
tilewidth=16
tileheight=16
orientation=orthogonal

[tilesets]
tileset=tileset/inside.png
tileset=tileset/collision.png
tileset=tileset/dungeon.png
tileset=tileset/ff_master_tile_sheet.png

[layer]
type=sol1
data=
1058,1058,1058,1058,1010,1010,1010,1010,1010,1010,1010,1010,1010,1010,1010,1010,1010,1010,1010,1010,1010,1010,1010,1010,1010,1010,1010,1010,1010,1010,1010,1058,1058,1058,1058,
1058,1058,1058,1058,1010,1066,1070,1070,1070,1070,1070,1070,1070,1070,1070,1070,1070,1070,1070,1070,1070,1070,1070,1070,1070,1070,1070,1070,1070,1062,1058,1058,1058,1058,1058,
1058,1058,1058,1058,1010,1068,760,761,762,761,761,761,761,762,761,761,761,762,761,761,761,761,762,761,761,761,762,761,763,1063,1058,1058,1058,1058,1058,
1058,1058,1058,1058,1010,1068,507,508,810,508,508,508,508,810,508,508,508,810,508,508,508,508,810,508,508,508,810,508,509,1063,1058,1058,1058,1058,1058,
1058,1058,1058,1058,1010,1068,904,905,906,905,905,905,905,906,905,905,905,906,905,905,905,905,906,905,905,905,906,905,907,1063,1058,1058,1058,1058,1058,
1058,1058,1058,1058,1010,1068,154,154,154,154,154,154,154,154,154,154,154,154,154,154,154,154,154,154,154,154,154,154,154,1063,1058,1058,1058,1058,1058,
1058,1058,1058,1058,1010,1068,154,154,154,154,154,154,154,154,154,154,154,154,154,154,154,154,154,154,154,154,154,154,154,1063,1058,1058,1058,1058,1058,
1058,1058,1058,1058,1010,1068,154,154,154,154,154,154,154,154,154,154,154,154,154,154,154,154,154,154,154,154,154,154,154,1063,1058,1058,1058,1058,1058,
1058,1058,1058,1058,1010,1068,154,154,154,154,154,154,154,154,154,154,154,154,154,154,154,154,154,154,154,154,154,154,154,1063,1058,1058,1058,1058,1058,
1058,1058,1058,1058,1010,1068,154,154,154,154,154,154,154,154,154,154,154,154,154,154,154,154,154,154,154,154,154,154,154,1063,1058,1058,1058,1058,1058,
1058,1058,1058,1058,1010,1068,154,154,154,154,154,154,154,154,154,154,154,154,154,154,154,154,154,154,154,154,154,154,154,1063,1058,1058,1058,1058,1058,
1058,1058,1058,1058,1010,1068,154,154,154,154,154,154,154,154,154,154,154,154,154,154,154,154,154,154,154,154,154,154,154,1063,1058,1058,1058,1058,1058,
1058,1058,1058,1058,1010,1068,154,154,154,154,154,154,154,154,154,154,154,154,154,154,154,154,154,154,154,154,154,154,154,1063,1058,1058,1058,1058,1058,
1058,1058,1058,1058,1010,1068,154,154,154,154,154,154,154,154,154,154,154,154,154,154,154,154,154,154,154,154,154,154,154,1063,1058,1058,1058,1058,1058,
1058,1058,1058,1058,1010,1068,154,154,154,154,154,154,154,154,154,154,154,154,154,154,154,154,154,154,154,154,154,154,154,1063,1058,1058,1058,1058,1058,
1058,1058,1058,1058,1010,1068,154,154,154,154,154,154,154,154,154,154,154,154,154,154,154,154,154,154,154,154,154,154,154,1063,1058,1058,1058,1058,1058,
1058,1058,1058,1058,1010,1068,154,154,154,154,154,154,154,154,154,154,154,154,154,154,154,154,154,154,154,154,154,154,154,1063,1058,1058,1058,1058,1058,
1058,1058,1058,1058,1010,1068,154,154,154,154,154,154,154,154,154,154,154,154,154,154,154,154,154,154,154,154,154,154,154,1063,1058,1058,1058,1058,1058,
1058,1058,1058,1058,1010,1068,154,154,154,154,154,154,154,154,154,154,154,154,154,154,154,154,154,154,154,154,154,154,154,1063,1058,1058,1058,1058,1058,
1058,1058,1058,1058,1010,1068,154,154,154,154,154,154,154,154,154,154,154,154,154,154,154,154,154,154,154,154,154,154,154,1063,1058,1058,1058,1058,1058,
1058,1058,1058,1058,1010,1068,154,154,154,154,154,154,154,154,154,154,154,154,154,154,154,154,154,154,154,154,154,154,154,1063,1058,1058,1058,1058,1058,
1058,1058,1058,1058,1010,1068,154,154,154,154,154,154,154,154,154,154,154,154,154,154,154,154,154,154,154,154,154,154,154,1063,1058,1058,1058,1058,1058,
1058,1058,1058,1058,1010,1068,154,154,154,154,154,154,154,154,154,154,154,154,154,154,154,154,154,154,154,154,154,154,154,1063,1058,1058,1058,1058,1058,
1058,1058,1058,1058,1010,1068,154,154,154,154,154,154,154,154,154,154,154,154,154,154,154,154,154,154,154,154,154,154,154,1063,1058,1058,1058,1058,1058,
1058,1058,1058,1058,1010,1068,154,154,154,154,154,154,154,154,154,154,154,154,154,154,154,154,154,154,154,154,154,154,154,1063,1058,1058,1058,1058,1058,
1058,1058,1058,1058,1010,1060,154,154,154,154,154,154,154,154,154,154,154,154,154,154,154,154,154,154,154,154,154,154,154,1059,1058,1058,1058,1058,1058,
1058,1058,1058,1058,1010,1010,1010,1010,1010,1010,1010,1010,1010,1010,1010,1010,154,154,154,154,1010,1010,1010,1010,1010,1010,1010,1010,1010,1010,1010,1010,1010,1010,1010

[layer]
type=sol2
data=
0,0,0,0,0,0,0,0,0,0,0,0,0,0,0,0,0,0,0,0,0,0,0,0,0,0,0,0,0,0,0,0,0,0,0,
0,0,0,0,0,0,0,0,0,0,0,0,0,0,0,0,0,0,0,0,0,0,0,0,0,0,0,0,0,0,0,0,0,0,0,
0,0,0,0,0,0,0,0,0,0,0,0,0,0,0,0,0,0,0,0,0,0,0,0,0,0,0,0,0,0,0,0,0,0,0,
0,0,0,0,0,0,0,0,0,0,0,0,0,0,0,0,0,0,0,0,0,0,0,0,0,0,0,0,0,0,0,0,0,0,0,
0,0,0,0,0,0,0,0,0,0,0,0,0,0,0,0,0,0,0,0,0,0,0,0,0,0,0,0,0,0,0,0,0,0,0,
0,0,0,0,0,0,0,0,0,0,0,0,0,0,0,0,0,0,0,0,0,0,0,0,0,0,0,0,0,0,0,0,0,0,0,
0,0,0,0,0,0,0,0,0,0,0,0,0,0,0,0,0,0,0,0,0,0,0,0,0,0,0,0,0,0,0,0,0,0,0,
0,0,0,0,0,0,0,0,0,0,0,0,0,0,0,0,0,0,0,0,0,0,0,0,0,0,0,0,0,0,0,0,0,0,0,
0,0,0,0,0,0,0,0,0,0,0,0,0,0,0,0,0,0,0,0,0,0,0,0,0,0,0,0,0,0,0,0,0,0,0,
0,0,0,0,0,0,0,0,0,0,0,0,0,0,0,0,0,0,0,0,0,0,0,0,0,0,0,0,0,0,0,0,0,0,0,
0,0,0,0,0,0,0,0,0,0,0,0,0,0,0,0,0,0,0,0,0,0,0,0,0,0,0,0,0,0,0,0,0,0,0,
0,0,0,0,0,0,0,0,0,0,0,1558,0,0,0,0,0,0,0,0,0,0,0,1558,0,0,0,0,0,0,0,0,0,0,0,
0,0,0,0,0,0,0,0,0,0,0,0,0,0,0,0,0,0,0,0,0,0,0,0,0,0,0,0,0,0,0,0,0,0,0,
0,0,0,0,0,0,0,0,0,0,0,0,0,0,0,0,0,0,0,0,0,0,0,0,0,0,0,0,0,0,0,0,0,0,0,
0,0,0,0,0,0,0,0,0,0,0,0,0,0,0,0,0,0,0,0,0,0,0,0,0,0,0,0,0,0,0,0,0,0,0,
0,0,0,0,0,0,0,0,0,0,0,0,0,0,0,0,0,0,0,0,0,0,0,0,0,0,0,0,0,0,0,0,0,0,0,
0,0,0,0,0,0,0,0,0,0,0,0,0,0,0,0,0,0,0,0,0,0,0,0,0,0,0,0,0,0,0,0,0,0,0,
0,0,0,0,0,0,0,0,0,0,0,0,0,0,0,0,0,0,0,0,0,0,0,0,0,0,0,0,0,0,0,0,0,0,0,
0,0,0,0,0,0,0,0,0,0,0,1558,0,0,0,0,0,0,0,0,0,0,0,1558,0,0,0,0,0,0,0,0,0,0,0,
0,0,0,0,0,0,0,0,0,0,0,0,0,0,0,0,0,0,0,0,0,0,0,0,0,0,0,0,0,0,0,0,0,0,0,
0,0,0,0,0,0,0,0,0,0,0,0,0,0,0,0,0,0,0,0,0,0,0,0,0,0,0,0,0,0,0,0,0,0,0,
0,0,0,0,0,0,0,0,0,0,0,0,0,0,0,0,0,0,0,0,0,0,0,0,0,0,0,0,0,0,0,0,0,0,0,
0,0,0,0,0,0,0,0,0,0,0,0,0,0,0,0,0,0,0,0,0,0,0,0,0,0,0,0,0,0,0,0,0,0,0,
0,0,0,0,0,0,0,0,0,0,0,0,0,0,0,0,0,0,0,0,0,0,0,0,0,0,0,0,0,0,0,0,0,0,0,
0,0,0,0,0,0,0,0,0,0,0,0,0,0,0,0,0,0,0,0,0,0,0,0,0,0,0,0,0,0,0,0,0,0,0,
0,0,0,0,0,1060,1061,1061,1061,1061,1061,1061,1061,1061,1061,1069,0,0,0,0,1065,1061,1061,1061,1061,1061,1061,1061,1061,1059,0,0,0,0,0,
0,0,0,0,0,0,0,0,0,0,0,0,0,0,0,0,0,0,0,0,0,0,0,0,0,0,0,0,0,0,0,0,0,0,0

[layer]
type=decord1
data=
0,0,0,0,0,0,0,0,0,0,0,0,0,0,0,0,0,0,0,0,0,0,0,0,0,0,0,0,0,0,0,0,0,0,0,
0,0,0,0,0,0,0,0,0,0,0,0,0,0,0,0,0,0,0,0,0,0,0,0,0,0,0,0,0,0,0,0,0,0,0,
0,0,0,0,0,0,0,0,0,0,0,0,0,0,0,0,0,0,0,0,0,0,0,0,1052,1053,0,0,0,0,0,0,0,0,0,
0,0,0,0,0,0,0,1054,1055,0,0,0,0,0,0,1102,1103,0,0,0,0,0,0,0,1100,1101,0,1225,0,0,0,0,0,0,0,
0,0,0,0,0,0,0,0,0,0,0,0,0,1380,0,1380,1381,1382,1383,1380,0,1380,0,0,0,0,0,1273,0,0,0,0,0,0,0,
0,0,0,0,0,0,0,0,0,0,0,0,1091,1428,0,1428,1429,1430,1431,1428,0,1428,0,0,0,0,0,1321,0,0,0,0,0,0,0,
0,0,0,0,0,0,0,0,0,0,0,1091,1615,1616,1616,1616,1616,1616,1616,1616,1616,1616,1617,0,0,0,0,0,0,0,0,0,0,0,0,
0,0,0,0,0,0,0,0,3398,3399,1085,1085,1087,1664,1664,1664,1664,1664,1664,1664,1664,1664,1665,0,0,0,3363,0,0,0,0,0,0,0,0,
0,0,0,0,0,0,3398,3399,1087,1089,1087,0,0,0,0,0,0,0,0,0,0,0,0,0,0,0,0,0,0,0,0,0,0,0,0,
0,0,0,0,0,0,1087,1089,0,1089,0,0,0,0,0,0,0,0,0,0,0,0,0,0,0,0,0,0,0,0,0,0,0,0,0,
0,0,0,0,0,0,0,0,0,0,0,3855,0,0,3855,0,0,0,0,0,0,0,0,0,0,0,3364,0,0,0,0,0,0,0,0,
0,0,0,0,0,0,0,0,0,0,0,0,0,0,0,0,0,3403,0,0,0,0,0,0,0,0,0,0,3402,0,0,0,0,0,0,
0,0,0,0,0,0,0,0,3855,0,0,0,0,0,0,0,0,0,0,0,0,0,0,0,0,0,0,3856,0,0,0,0,0,0,0,
0,0,0,0,0,0,0,0,0,0,0,1654,0,0,0,0,0,0,0,0,0,0,0,1654,0,3323,0,3856,1088,0,0,0,0,0,0,
0,0,0,0,0,0,0,0,0,0,0,0,0,0,0,0,0,0,0,0,0,0,0,0,0,0,0,3856,1088,0,0,0,0,0,0,
0,0,0,0,0,0,0,0,0,0,0,0,0,0,0,0,0,0,3323,0,0,0,0,0,0,3323,0,3856,0,0,0,0,0,0,0,
0,0,0,0,0,0,0,0,0,0,0,0,0,0,0,0,0,0,0,0,0,0,0,0,0,0,0,3856,3402,0,0,0,0,0,0,
0,0,0,0,0,0,0,0,0,0,0,0,0,0,0,0,0,0,0,0,0,0,0,0,0,0,0,0,3402,0,0,0,0,0,0,
0,0,0,0,0,0,0,0,0,0,0,0,0,0,0,0,0,0,0,0,0,0,0,0,0,0,0,0,0,0,0,0,0,0,0,
0,0,0,0,0,0,0,0,0,0,0,0,0,0,0,0,0,0,0,0,0,0,0,0,0,0,0,0,0,0,0,0,0,0,0,
0,0,0,0,0,0,0,0,3322,0,0,1654,0,0,0,0,0,0,0,0,0,0,0,1654,0,0,0,0,0,0,0,0,0,0,0,
0,0,0,0,0,0,0,0,0,0,0,0,0,0,0,0,0,0,0,0,0,0,0,0,0,0,0,0,0,0,0,0,0,0,0,
0,0,0,0,0,0,0,0,0,0,3364,0,0,0,0,0,0,0,0,0,0,0,0,0,0,3363,0,0,0,0,0,0,0,0,0,
0,0,0,0,0,0,0,0,0,0,0,0,0,0,0,0,0,0,0,0,0,0,0,0,0,0,0,0,0,0,0,0,0,0,0,
0,0,0,0,0,0,0,0,0,0,0,0,0,0,0,0,0,0,0,0,0,0,0,0,0,0,0,0,0,0,0,0,0,0,0,
0,0,0,0,0,0,0,0,0,0,0,0,0,0,0,0,0,0,0,0,0,0,0,0,0,0,0,0,0,0,0,0,0,0,0,
0,0,0,0,0,0,0,0,0,0,0,0,0,0,0,0,0,0,0,0,0,0,0,0,0,0,0,0,0,0,0,0,0,0,0

[layer]
type=decord2
data=
0,0,0,0,0,0,0,0,0,0,0,0,0,0,0,0,0,0,0,0,0,0,0,0,0,0,0,0,0,0,0,0,0,0,0,
0,0,0,0,0,0,0,0,0,0,0,0,0,0,0,0,0,0,0,0,0,0,0,0,0,0,0,0,0,0,0,0,0,0,0,
0,0,0,0,0,0,0,0,0,0,0,0,0,0,0,0,0,0,0,0,0,0,0,0,0,0,0,0,0,0,0,0,0,0,0,
0,0,0,0,0,0,0,0,0,0,0,0,0,0,0,0,0,0,0,0,0,0,0,0,0,0,0,0,0,0,0,0,0,0,0,
0,0,0,0,0,0,0,0,0,0,0,0,1043,0,0,0,0,0,0,0,0,0,0,0,0,0,0,0,0,0,0,0,0,0,0,
0,0,0,0,0,0,0,0,0,0,0,1043,1567,1568,1568,1568,1568,1568,1568,1568,1568,1568,1569,0,0,0,0,0,0,0,0,0,0,0,0,
0,0,0,0,0,0,0,0,3357,3358,1037,1037,1039,0,0,1239,0,0,0,0,1237,0,0,0,0,0,0,0,0,0,0,0,0,0,0,
0,0,0,0,0,0,3357,3358,1039,1041,1039,0,0,0,0,0,0,0,0,0,0,0,0,0,0,0,0,0,0,0,0,0,0,0,0,
0,0,0,0,0,0,1039,1041,0,1041,0,0,0,0,0,0,0,0,0,0,0,0,0,0,0,0,0,0,0,0,0,0,0,0,0,
0,0,0,0,0,0,0,0,0,0,0,3814,0,0,3814,0,0,0,0,0,0,0,0,0,0,0,0,0,0,0,0,0,0,0,0,
0,0,0,0,0,0,0,0,0,0,0,0,0,0,0,0,0,3362,0,0,0,0,0,0,0,0,0,0,3360,0,0,0,0,0,0,
0,0,0,0,0,0,0,0,3814,0,0,0,0,0,0,0,0,0,0,0,0,0,0,0,0,0,0,3815,0,0,0,0,0,0,0,
0,0,0,0,0,0,0,0,0,0,0,1606,0,0,0,0,0,0,0,0,0,0,0,1606,0,0,0,3815,0,0,0,0,0,0,0,
0,0,0,0,0,0,0,0,0,0,0,0,0,0,0,0,0,0,0,0,0,0,0,0,0,0,0,3815,0,0,0,0,0,0,0,
0,0,0,0,0,0,0,0,0,0,0,0,0,0,0,0,0,0,0,0,0,0,0,0,0,0,0,3815,0,0,0,0,0,0,0,
0,0,0,0,0,0,0,0,0,0,0,0,0,0,0,0,0,0,0,0,0,0,0,0,0,0,0,3815,3320,0,0,0,0,0,0,
0,0,0,0,0,0,0,0,0,0,0,0,0,0,0,0,0,0,0,0,0,0,0,0,0,0,0,0,3361,0,0,0,0,0,0,
0,0,0,0,0,0,0,0,0,0,0,0,0,0,0,0,0,0,0,0,0,0,0,0,0,0,0,0,0,0,0,0,0,0,0,
0,0,0,0,0,0,0,0,0,0,0,0,0,0,0,0,0,0,0,0,0,0,0,0,0,0,0,0,0,0,0,0,0,0,0,
0,0,0,0,0,0,0,0,0,0,0,1606,0,0,0,0,0,0,0,0,0,0,0,1606,0,0,0,0,0,0,0,0,0,0,0,
0,0,0,0,0,0,0,0,0,0,0,0,0,0,0,0,0,0,0,0,0,0,0,0,0,0,0,0,0,0,0,0,0,0,0,
0,0,0,0,0,0,0,0,0,0,0,0,0,0,0,0,0,0,0,0,0,0,0,0,0,0,0,0,0,0,0,0,0,0,0,
0,0,0,0,0,0,0,0,0,0,0,0,0,0,0,0,0,0,0,0,0,0,0,0,0,0,0,0,0,0,0,0,0,0,0,
0,0,0,0,0,0,0,0,0,0,0,0,0,0,0,0,0,0,0,0,0,0,0,0,0,0,0,0,0,0,0,0,0,0,0,
0,0,0,0,0,0,0,0,0,0,0,0,0,0,0,0,0,0,0,0,0,0,0,0,0,0,0,0,0,0,0,0,0,0,0,
0,0,0,0,0,0,0,0,0,0,0,0,0,0,0,0,0,0,0,0,0,0,0,0,0,0,0,0,0,0,0,0,0,0,0,
0,0,0,0,0,0,0,0,0,0,0,0,0,0,0,0,0,0,0,0,0,0,0,0,0,0,0,0,0,0,0,0,0,0,0

[layer]
type=collision
data=
0,0,0,0,1681,1681,1681,1681,1681,1681,1681,1681,1681,1681,1681,1681,1681,1681,1681,1681,1681,1681,1681,1681,1681,1681,1681,1681,1681,1681,1681,0,0,0,0,
0,0,0,0,1681,0,0,0,0,0,0,0,0,0,0,0,0,0,0,0,0,0,0,0,0,0,0,0,0,0,1681,0,0,0,0,
0,0,0,0,1681,0,0,0,0,0,0,0,0,0,0,0,0,0,0,0,0,0,0,0,0,0,0,0,0,0,1681,0,0,0,0,
0,0,0,0,1681,0,0,0,0,0,0,0,0,0,0,0,0,0,0,0,0,0,0,0,0,0,0,0,0,0,1681,0,0,0,0,
0,0,0,0,1681,0,0,0,0,0,0,0,0,0,0,0,0,0,0,0,0,0,1681,1681,1681,1681,1681,1681,1681,1681,1681,0,0,0,0,
0,0,0,0,1681,0,0,0,0,0,0,0,0,0,0,0,0,0,0,0,0,1681,0,0,0,0,0,1681,0,1681,1681,0,0,0,0,
0,0,0,0,1681,0,0,0,0,0,0,0,1681,0,0,0,0,0,0,0,0,1681,1681,0,0,0,0,0,0,1681,1681,0,0,0,0,
0,0,0,0,1681,0,0,0,0,0,1681,1681,1681,1681,1681,1681,1681,1681,1681,1681,1681,1681,1681,0,0,0,0,0,0,1681,1681,0,0,0,0,
0,0,0,0,1681,0,1681,1681,1681,1681,1681,0,0,0,0,0,0,0,0,0,0,0,0,0,0,0,0,0,0,1681,1681,0,0,0,0,
0,0,0,0,1681,1681,1681,1681,0,1681,0,0,0,0,0,0,0,0,0,0,0,0,0,0,0,0,0,0,0,1681,1681,0,0,0,0,
0,0,0,0,1681,1681,0,0,0,0,0,1681,0,0,1681,0,0,0,0,0,0,0,0,0,0,0,0,0,0,1681,1681,0,0,0,0,
0,0,0,0,1681,1681,0,0,0,0,0,0,0,0,0,0,0,1681,0,0,0,0,0,0,0,0,0,0,1681,1681,1681,0,0,0,0,
0,0,0,0,1681,1681,0,0,1681,0,0,0,0,0,0,0,0,0,0,0,0,0,0,0,0,0,0,1681,1681,0,1681,0,0,0,0,
0,0,0,0,1681,1681,0,0,0,0,0,1681,0,0,0,0,0,0,0,0,0,0,0,1681,0,0,0,1681,1681,0,1681,0,0,0,0,
0,0,0,0,1681,1681,0,0,0,0,0,0,0,0,0,0,0,0,0,0,0,0,0,0,0,0,0,1681,1681,0,1681,0,0,0,0,
0,0,0,0,1681,1681,0,0,0,0,0,0,0,0,0,0,0,0,0,0,0,0,0,0,0,0,0,1681,1681,0,1681,0,0,0,0,
0,0,0,0,1681,1681,0,0,0,0,0,0,0,0,0,0,0,0,0,0,0,0,0,0,0,0,0,1681,1681,0,1681,0,0,0,0,
0,0,0,0,1681,1681,0,0,0,0,0,0,0,0,0,0,0,0,0,0,0,0,0,0,0,0,0,0,1681,1681,1681,0,0,0,0,
0,0,0,0,1681,1681,0,0,0,0,0,0,0,0,0,0,0,0,0,0,0,0,0,0,0,0,0,0,0,1681,1681,0,0,0,0,
0,0,0,0,1681,1681,0,0,0,0,0,0,0,0,0,0,0,0,0,0,0,0,0,0,0,0,0,0,0,1681,1681,0,0,0,0,
0,0,0,0,1681,1681,0,0,0,0,0,1681,0,0,0,0,0,0,0,0,0,0,0,1681,0,0,0,0,0,1681,1681,0,0,0,0,
0,0,0,0,1681,1681,0,0,0,0,0,0,0,0,0,0,0,0,0,0,0,0,0,0,0,0,0,0,0,1681,1681,0,0,0,0,
0,0,0,0,1681,1681,0,0,0,0,0,0,0,0,0,0,0,0,0,0,0,0,0,0,0,0,0,0,0,1681,1681,0,0,0,0,
0,0,0,0,1681,1681,0,0,0,0,0,0,0,0,0,0,0,0,0,0,0,0,0,0,0,0,0,0,0,1681,1681,0,0,0,0,
0,0,0,0,1681,1681,0,0,0,0,0,0,0,0,0,0,0,0,0,0,0,0,0,0,0,0,0,0,0,1681,1681,0,0,0,0,
0,0,0,0,1681,1681,0,0,0,0,0,0,0,0,0,0,0,0,0,0,0,0,0,0,0,0,0,0,0,1681,1681,0,0,0,0,
0,0,0,0,1681,1681,1681,1681,1681,1681,1681,1681,1681,1681,1681,1681,1681,1681,1681,1681,1681,1681,1681,1681,1681,1681,1681,1681,1681,1681,1681,0,0,0,0

[layer]
type=event
data=
-42,-42,-42,-42,-42,-42,-42,-42,-42,-42,-42,-42,-42,-42,-42,-42,-42,-42,-42,-42,-42,-42,-42,-42,-42,-42,-42,-42,-42,-42,-42,-42,-42,-42,-42,
-42,-42,-42,-42,-42,-42,-42,-42,-42,-42,-42,-42,-42,-42,-42,-42,-42,-42,-42,-42,-42,-42,-42,-42,-42,-42,-42,-42,-42,-42,-42,-42,-42,-42,-42,
-42,-42,-42,-42,-42,-42,-42,-42,-42,-42,-42,-42,-42,-42,-42,-42,-42,-42,-42,-42,-42,-42,-42,-42,-42,-42,-42,-42,-42,-42,-42,-42,-42,-42,-42,
-42,-42,-42,-42,-42,-42,-42,-42,-42,-42,-42,-42,-42,-42,-42,-42,-42,-42,-42,-42,-42,-42,-42,-42,-42,-42,-42,-42,-42,-42,-42,-42,-42,-42,-42,
-42,-42,-42,-42,-42,-42,-42,-42,-42,-42,-42,-42,-42,-42,-42,-42,-42,-42,-42,-42,-42,-42,-42,-42,-42,-42,-42,-42,-42,-42,-42,-42,-42,-42,-42,
-42,-42,-42,-42,-42,-42,-42,-42,-42,-42,-42,-42,-42,-42,-42,-42,-42,-42,-42,-42,-42,-42,-42,-42,-42,-42,-42,-42,-42,-42,-42,-42,-42,-42,-42,
-42,-42,-42,-42,-42,-42,-42,-42,-42,-42,-42,-42,-42,-42,-42,-42,-42,-42,-42,-42,-42,-42,-42,-42,-42,-42,-42,-42,-42,-42,-42,-42,-42,-42,-42,
-42,-42,-42,-42,-42,-42,-42,-42,-42,-42,-42,-42,-42,-42,-42,-42,-42,-42,-42,-42,-42,-42,-42,-42,-42,-42,-42,-42,-42,-42,-42,-42,-42,-42,-42,
-42,-42,-42,-42,-42,-42,-42,-42,-42,-42,-42,-42,-42,-42,-42,-42,-42,-42,-42,-42,-42,-42,-42,-42,-42,-42,-42,-42,-42,-42,-42,-42,-42,-42,-42,
-42,-42,-42,-42,-42,-42,-42,-42,-42,-42,-42,-42,-42,-42,-42,-42,-42,-42,-42,-42,-42,-42,-42,-42,-42,-42,-42,-42,-42,-42,-42,-42,-42,-42,-42,
-42,-42,-42,-42,-42,-42,-42,-42,-42,-42,-42,-42,-42,-42,-42,-42,-42,-42,-42,-42,-42,-42,-42,-42,-42,-42,-42,-42,-42,-42,-42,-42,-42,-42,-42,
-42,-42,-42,-42,-42,-42,-42,-42,-42,-42,-42,-42,-42,-42,-42,-42,-42,-42,-42,-42,-42,-42,-42,-42,-42,-42,-42,-42,-42,-42,-42,-42,-42,-42,-42,
-42,-42,-42,-42,-42,-42,-42,-42,-42,-42,-42,-42,-42,-42,-42,-42,-42,-42,-42,-42,-42,-42,-42,-42,-42,-42,-42,-42,-42,-42,-42,-42,-42,-42,-42,
-42,-42,-42,-42,-42,-42,-42,-42,-42,-42,-42,-42,-42,-42,-42,-42,-42,-42,-42,-42,-42,-42,-42,-42,-42,-42,-42,-42,-42,-42,-42,-42,-42,-42,-42,
-42,-42,-42,-42,-42,-42,-42,-42,-42,-42,-42,-42,-42,-42,-42,-42,-42,-42,-42,-42,-42,-42,-42,-42,-42,-42,-42,-42,-42,-42,-42,-42,-42,-42,-42,
-42,-42,-42,-42,-42,-42,-42,-42,-42,-42,-42,-42,-42,-42,-42,-42,-42,-42,-42,-42,-42,-42,-42,-42,-42,-42,-42,-42,-42,-42,-42,-42,-42,-42,-42,
-42,-42,-42,-42,-42,-42,-42,-42,-42,-42,-42,-42,-42,-42,-42,-42,-42,-42,-42,-42,-42,-42,-42,-42,-42,-42,-42,-42,-42,-42,-42,-42,-42,-42,-42,
-42,-42,-42,-42,-42,-42,-42,-42,-42,-42,-42,-42,-42,-42,-42,-42,-42,-42,-42,-42,-42,-42,-42,-42,-42,-42,-42,-42,-42,-42,-42,-42,-42,-42,-42,
-42,-42,-42,-42,-42,-42,-42,-42,-42,-42,-42,-42,-42,-42,-42,-42,-42,-42,-42,-42,-42,-42,-42,-42,-42,-42,-42,-42,-42,-42,-42,-42,-42,-42,-42,
-42,-42,-42,-42,-42,-42,-42,-42,-42,-42,-42,-42,-42,-42,-42,-42,-42,-42,-42,-42,-42,-42,-42,-42,-42,-42,-42,-42,-42,-42,-42,-42,-42,-42,-42,
-42,-42,-42,-42,-42,-42,-42,-42,-42,-42,-42,-42,-42,-42,-42,-42,-42,-42,-42,-42,-42,-42,-42,-42,-42,-42,-42,-42,-42,-42,-42,-42,-42,-42,-42,
-42,-42,-42,-42,-42,-42,-42,-42,-42,-42,-42,-42,-42,-42,-42,-42,-42,-42,-42,-42,-42,-42,-42,-42,-42,-42,-42,-42,-42,-42,-42,-42,-42,-42,-42,
-42,-42,-42,-42,-42,-42,-42,-42,-42,-42,-42,-42,-42,-42,-42,-42,-42,-42,-42,-42,-42,-42,-42,-42,-42,-42,-42,-42,-42,-42,-42,-42,-42,-42,-42,
-42,-42,-42,-42,-42,-42,-42,-42,-42,-42,-42,-42,-42,-42,-42,-42,-42,-42,-42,-42,-42,-42,-42,-42,-42,-42,-42,-42,-42,-42,-42,-42,-42,-42,-42,
-42,-42,-42,-42,-42,-42,-42,-42,-42,-42,-42,-42,-42,-42,-42,-42,-42,-42,-42,-42,-42,-42,-42,-42,-42,-42,-42,-42,-42,-42,-42,-42,-42,-42,-42,
-42,-42,-42,-42,-42,-42,-42,-42,-42,-42,-42,-42,-42,-42,-42,-42,-42,-42,-42,-42,-42,-42,-42,-42,-42,-42,-42,-42,-42,-42,-42,-42,-42,-42,-42,
-42,-42,-42,-42,-42,-42,-42,-42,-42,-42,-42,-42,-42,-42,-42,-42,71,71,71,71,-42,-42,-42,-42,-42,-42,-42,-42,-42,-42,-42,-42,-42,-42,-42
