[header]
width=34
height=22
tilewidth=16
tileheight=16
orientation=orthogonal

[tilesets]
tileset=tileset/inside.png
tileset=tileset/collision.png

[layer]
type=sol1
data=
0,0,0,0,0,0,0,0,0,0,0,0,0,0,0,0,0,0,0,0,0,0,0,0,0,0,0,0,0,0,0,0,0,0,
0,0,0,0,0,0,0,970,974,974,974,974,974,974,974,974,974,974,974,974,974,974,974,974,974,974,966,0,0,0,0,0,0,0,
0,0,0,0,0,0,0,972,760,762,761,761,762,761,761,761,762,0,0,0,761,762,761,761,761,763,967,0,0,0,0,0,0,0,
0,0,0,0,0,0,0,972,808,810,809,809,810,809,809,809,810,0,814,0,809,810,809,809,809,811,967,0,0,0,0,0,0,0,
0,0,0,0,0,0,0,972,856,858,857,857,858,857,857,857,858,0,158,0,857,858,857,857,857,859,967,0,0,0,0,0,0,0,
0,0,0,0,0,0,0,972,904,906,905,905,906,905,905,905,906,909,158,911,905,906,905,905,905,907,967,0,0,0,0,0,0,0,
0,0,0,0,0,0,0,972,158,158,158,158,158,158,158,158,158,158,158,158,158,158,158,158,158,158,967,0,0,0,0,0,0,0,
0,0,0,0,0,0,0,972,158,158,158,158,158,158,158,158,158,158,158,158,158,158,158,158,158,158,967,0,0,0,0,0,0,0,
0,0,0,0,0,0,0,972,158,158,158,158,158,158,158,158,158,158,158,158,158,158,158,158,158,158,967,0,0,0,0,0,0,0,
0,0,0,0,0,0,0,972,158,158,158,158,158,158,158,158,158,158,158,158,158,158,158,158,158,158,967,0,0,0,0,0,0,0,
0,0,0,0,0,0,0,972,158,158,158,158,158,158,158,158,158,158,158,158,158,158,158,158,158,158,967,0,0,0,0,0,0,0,
0,0,0,0,0,0,0,972,158,158,158,158,158,158,158,158,158,158,158,158,158,158,158,158,158,158,967,0,0,0,0,0,0,0,
0,0,0,0,0,0,0,972,158,158,158,158,158,158,158,158,158,158,158,158,158,158,158,158,158,158,967,0,0,0,0,0,0,0,
0,0,0,0,0,0,0,972,158,158,158,158,158,158,158,158,158,158,158,158,158,158,158,158,158,158,967,0,0,0,0,0,0,0,
0,0,0,0,0,0,0,972,158,158,158,158,158,158,158,158,158,158,158,158,158,158,158,158,158,158,967,0,0,0,0,0,0,0,
0,0,0,0,0,0,0,972,158,158,158,158,158,158,158,158,158,158,158,158,158,158,158,158,158,158,967,0,0,0,0,0,0,0,
0,0,0,0,0,0,0,972,158,158,158,158,158,158,158,158,158,158,158,158,158,158,158,158,158,158,967,0,0,0,0,0,0,0,
0,0,0,0,0,0,0,972,158,158,158,158,158,158,158,158,158,158,158,158,158,158,158,158,158,158,967,0,0,0,0,0,0,0,
0,0,0,0,0,0,0,972,158,158,158,158,158,158,158,158,158,158,158,158,158,158,158,158,158,158,967,0,0,0,0,0,0,0,
0,0,0,0,0,0,0,972,158,158,158,158,158,158,158,158,158,158,158,158,158,158,158,158,158,158,967,0,0,0,0,0,0,0,
0,0,0,0,0,0,0,0,0,0,0,0,0,0,0,0,0,0,0,0,0,0,0,0,0,0,0,0,0,0,0,0,0,0,
0,0,0,0,0,0,0,0,0,0,0,0,0,0,0,0,0,0,0,0,0,0,0,0,0,0,0,0,0,0,0,0,0,0

[layer]
type=sol2
data=
0,0,0,0,0,0,0,0,0,0,0,0,0,0,0,0,0,0,0,0,0,0,0,0,0,0,0,0,0,0,0,0,0,0,
0,0,0,0,0,0,0,0,0,0,0,0,0,0,0,0,0,0,0,0,0,0,0,0,0,0,0,0,0,0,0,0,0,0,
0,0,0,0,0,0,0,0,0,0,0,0,0,0,0,0,0,765,766,767,0,0,0,0,0,0,0,0,0,0,0,0,0,0,
0,0,0,0,0,0,0,0,0,0,0,0,0,0,0,0,0,813,0,815,0,0,0,0,0,0,0,0,0,0,0,0,0,0,
0,0,0,0,0,0,0,0,0,0,0,0,0,0,0,0,0,0,0,0,0,0,0,0,0,0,0,0,0,0,0,0,0,0,
0,0,0,0,0,0,0,0,0,0,0,0,0,0,0,0,0,0,0,0,0,0,0,0,0,0,0,0,0,0,0,0,0,0,
0,0,0,0,0,0,0,0,0,0,0,0,0,0,0,0,0,0,0,0,0,0,0,0,0,0,0,0,0,0,0,0,0,0,
0,0,0,0,0,0,0,0,0,0,0,0,0,0,0,0,0,0,0,0,0,0,0,0,0,0,0,0,0,0,0,0,0,0,
0,0,0,0,0,0,0,0,0,0,0,0,0,0,0,0,0,0,0,0,0,0,0,0,0,0,0,0,0,0,0,0,0,0,
0,0,0,0,0,0,0,0,0,0,0,0,0,0,0,0,0,0,0,0,0,0,0,0,0,0,0,0,0,0,0,0,0,0,
0,0,0,0,0,0,0,0,0,0,0,0,0,0,0,0,0,0,0,0,0,0,0,0,0,0,0,0,0,0,0,0,0,0,
0,0,0,0,0,0,0,0,0,0,0,0,0,0,0,0,0,0,0,0,0,0,0,0,0,0,0,0,0,0,0,0,0,0,
0,0,0,0,0,0,0,0,0,0,0,0,0,0,0,0,0,0,0,0,0,0,0,0,0,0,0,0,0,0,0,0,0,0,
0,0,0,0,0,0,0,0,0,0,0,0,0,0,0,0,0,0,0,0,0,0,0,0,0,0,0,0,0,0,0,0,0,0,
0,0,0,0,0,0,0,0,0,0,0,0,0,0,0,0,0,0,0,0,0,0,0,0,0,0,0,0,0,0,0,0,0,0,
0,0,0,0,0,0,0,0,0,0,0,0,0,0,0,0,0,0,0,0,0,0,0,0,0,0,0,0,0,0,0,0,0,0,
0,0,0,0,0,0,0,0,0,0,0,0,0,0,0,0,0,0,0,0,0,0,0,0,0,0,0,0,0,0,0,0,0,0,
0,0,0,0,0,0,0,0,0,0,0,0,0,0,0,0,0,0,0,0,0,0,0,0,0,0,0,0,0,0,0,0,0,0,
0,0,0,0,0,0,0,0,0,0,0,0,0,0,0,0,0,0,0,0,0,0,0,0,0,0,0,0,0,0,0,0,0,0,
0,0,0,0,0,0,0,0,0,0,0,0,0,0,0,0,0,0,0,0,0,0,0,0,0,0,0,0,0,0,0,0,0,0,
0,0,0,0,0,0,0,916,917,917,917,917,917,917,917,917,917,917,917,917,917,917,917,917,917,917,915,0,0,0,0,0,0,0,
0,0,0,0,0,0,0,0,0,0,0,0,0,0,0,0,0,0,0,0,0,0,0,0,0,0,0,0,0,0,0,0,0,0

[layer]
type=decord1
data=
0,0,0,0,0,0,0,0,0,0,0,0,0,0,0,0,0,0,0,0,0,0,0,0,0,0,0,0,0,0,0,0,0,0,
0,0,0,0,0,0,0,0,0,0,0,0,0,0,0,0,0,0,0,0,0,0,0,0,0,0,0,0,0,0,0,0,0,0,
0,0,0,0,0,0,0,0,0,1030,1031,1032,0,0,0,0,0,0,0,0,0,0,0,0,0,0,0,0,0,0,0,0,0,0,
0,0,0,0,0,0,0,0,0,1030,1031,1032,0,1226,0,0,0,0,0,0,0,0,0,0,0,0,0,0,0,0,0,0,0,0,
0,0,0,0,0,0,0,0,0,1078,1079,1080,0,0,0,0,0,0,373,0,0,0,0,0,0,0,0,0,0,0,0,0,0,0,
0,0,0,0,0,0,0,0,0,1126,1127,1128,0,0,0,0,0,0,0,0,0,1134,1134,1134,0,0,0,0,0,0,0,0,0,0,
0,0,0,0,0,0,0,0,0,1174,1175,1176,0,0,0,0,0,0,0,0,0,1182,1182,1182,0,0,0,0,0,0,0,0,0,0,
0,0,0,0,0,0,0,0,0,1515,1515,1515,0,0,0,0,0,0,0,0,0,0,0,0,0,0,0,0,0,0,0,0,0,0,
0,0,0,0,0,0,0,0,0,0,0,0,0,0,0,0,0,0,0,0,0,0,0,0,0,0,0,0,0,0,0,0,0,0,
0,0,0,0,0,0,0,0,0,0,0,0,0,0,0,0,0,0,0,0,0,0,0,0,0,0,0,0,0,0,0,0,0,0,
0,0,0,0,0,0,0,0,1480,1481,0,0,1388,1389,0,0,0,0,0,1480,1481,0,0,0,1388,1389,0,0,0,0,0,0,0,0,
0,0,0,0,0,0,0,0,0,0,0,0,0,1085,0,1612,1613,1614,0,1085,0,0,0,0,0,1085,0,0,0,0,0,0,0,0,
0,0,0,0,0,0,0,0,0,0,0,0,0,0,0,1660,1661,1662,0,0,0,0,0,0,0,0,0,0,0,0,0,0,0,0,
0,0,0,0,0,0,0,0,1480,1481,0,0,1388,1389,0,0,0,0,0,1480,1481,0,0,0,1388,1389,0,0,0,0,0,0,0,0,
0,0,0,0,0,0,0,0,1085,0,0,0,0,0,0,1089,1089,1089,0,1089,0,0,0,0,0,1089,0,0,0,0,0,0,0,0,
0,0,0,0,0,0,0,0,0,0,0,0,0,0,0,0,0,0,0,0,0,0,0,0,0,0,0,0,0,0,0,0,0,0,
0,0,0,0,0,0,0,0,1480,1481,0,0,1388,1389,0,1612,1613,1614,0,1480,1481,0,0,0,1388,1389,0,0,0,0,0,0,0,0,
0,0,0,0,0,0,0,0,0,0,0,0,0,0,0,1660,1661,1662,0,1089,0,0,0,0,0,0,0,0,0,0,0,0,0,0,
0,0,0,0,0,0,0,0,0,0,0,0,0,0,0,0,0,0,0,0,0,0,0,0,0,0,0,0,0,0,0,0,0,0,
0,0,0,0,0,0,0,0,1480,1481,0,0,1388,1389,0,0,0,0,0,1480,1481,0,0,0,1388,1389,0,0,0,0,0,0,0,0,
0,0,0,0,0,0,0,0,0,0,0,0,0,0,0,0,0,0,0,0,0,0,0,0,0,0,0,0,0,0,0,0,0,0,
0,0,0,0,0,0,0,0,0,0,0,0,0,0,0,0,0,0,0,0,0,0,0,0,0,0,0,0,0,0,0,0,0,0

[layer]
type=decord2
data=
0,0,0,0,0,0,0,0,0,0,0,0,0,0,0,0,0,0,0,0,0,0,0,0,0,0,0,0,0,0,0,0,0,0,
0,0,0,0,0,0,0,0,0,0,0,0,0,0,0,0,0,0,0,0,0,0,0,0,0,0,0,0,0,0,0,0,0,0,
0,0,0,0,0,0,0,0,0,0,0,0,0,0,0,0,0,0,0,0,0,0,0,0,0,0,0,0,0,0,0,0,0,0,
0,0,0,0,0,0,0,0,0,0,0,0,0,0,0,0,0,0,0,0,0,0,0,0,0,0,0,0,0,0,0,0,0,0,
0,0,0,0,0,0,0,0,0,0,0,0,0,0,0,0,0,861,0,863,0,0,0,0,0,0,0,0,0,0,0,0,0,0,
0,0,0,0,0,0,0,0,0,0,0,0,0,0,0,0,0,0,0,0,0,0,0,0,0,0,0,0,0,0,0,0,0,0,
0,0,0,0,0,0,0,0,0,0,0,0,0,0,0,0,0,0,0,0,0,0,0,0,0,0,0,0,0,0,0,0,0,0,
0,0,0,0,0,0,0,0,0,0,0,0,0,0,0,1561,1562,1563,0,0,0,0,0,0,0,0,0,0,0,0,0,0,0,0,
0,0,0,0,0,0,0,0,0,0,0,0,0,0,0,1609,1610,1611,0,0,0,0,0,0,0,0,0,0,0,0,0,0,0,0,
0,0,0,0,0,0,0,0,1432,1433,0,0,1340,1341,0,1657,1658,1659,0,1432,1433,0,0,0,1340,1341,0,0,0,0,0,0,0,0,
0,0,0,0,0,0,0,0,0,0,0,0,0,1037,0,1564,1565,1566,0,1037,0,0,0,0,0,1037,0,0,0,0,0,0,0,0,
0,0,0,0,0,0,0,0,0,0,0,0,0,0,0,0,0,0,0,0,0,0,0,0,0,0,0,0,0,0,0,0,0,0,
0,0,0,0,0,0,0,0,1432,1433,0,0,1340,1341,0,0,0,0,0,1432,1433,0,0,0,1340,1341,0,0,0,0,0,0,0,0,
0,0,0,0,0,0,0,0,1037,0,0,0,0,0,0,1041,1041,1042,0,1041,0,0,0,0,0,1041,0,0,0,0,0,0,0,0,
0,0,0,0,0,0,0,0,0,0,0,0,0,0,0,0,0,0,0,0,0,0,0,0,0,0,0,0,0,0,0,0,0,0,
0,0,0,0,0,0,0,0,1432,1433,0,0,1340,1341,0,1564,1565,1566,0,1432,1433,0,0,0,1340,1341,0,0,0,0,0,0,0,0,
0,0,0,0,0,0,0,0,0,0,0,0,0,0,0,0,1237,0,0,1041,0,0,0,0,0,0,0,0,0,0,0,0,0,0,
0,0,0,0,0,0,0,0,0,0,0,0,0,0,0,0,0,0,0,0,0,0,0,0,0,0,0,0,0,0,0,0,0,0,
0,0,0,0,0,0,0,0,1432,1433,0,0,1340,1341,0,0,0,0,0,1432,1433,0,0,0,1340,1341,0,0,0,0,0,0,0,0,
0,0,0,0,0,0,0,0,0,0,0,0,0,0,0,0,0,0,0,0,0,0,0,0,0,0,0,0,0,0,0,0,0,0,
0,0,0,0,0,0,0,0,0,0,0,0,0,0,0,0,0,0,0,0,0,0,0,0,0,0,0,0,0,0,0,0,0,0,
0,0,0,0,0,0,0,0,0,0,0,0,0,0,0,0,0,0,0,0,0,0,0,0,0,0,0,0,0,0,0,0,0,0

[layer]
type=collision1
data=
0,0,0,0,0,0,0,0,0,0,0,0,0,0,0,0,0,0,0,0,0,0,0,0,0,0,0,0,0,0,0,0,0,0,
0,0,0,0,0,0,0,0,0,0,0,0,0,0,0,0,0,0,0,0,0,0,0,0,0,0,0,0,0,0,0,0,0,0,
0,0,0,0,0,0,0,0,0,0,0,0,0,0,0,0,0,0,0,0,0,0,0,0,0,0,0,0,0,0,0,0,0,0,
0,0,0,0,0,0,0,0,0,0,0,0,0,0,0,0,0,0,0,0,0,0,0,0,0,0,0,0,0,0,0,0,0,0,
0,0,0,0,0,0,0,0,0,0,0,0,0,0,0,0,0,1681,0,1681,0,0,0,0,0,0,0,0,0,0,0,0,0,0,
0,0,0,0,0,0,0,1681,1681,1681,1681,1681,1681,1681,1681,1681,1681,1681,0,1681,1681,1681,1681,1681,1681,1681,1681,0,0,0,0,0,0,0,
0,0,0,0,0,0,0,1681,0,1681,1681,1681,0,0,0,0,0,0,0,0,0,1681,1681,1681,0,0,1681,0,0,0,0,0,0,0,
0,0,0,0,0,0,0,1681,0,0,0,0,0,0,0,0,0,0,0,0,0,0,0,0,0,0,1681,0,0,0,0,0,0,0,
0,0,0,0,0,0,0,1681,0,0,0,0,0,0,0,1681,1681,1681,0,0,0,0,0,0,0,0,1681,0,0,0,0,0,0,0,
0,0,0,0,0,0,0,1681,0,0,0,0,0,0,0,1681,1681,1681,0,0,0,0,0,0,0,0,1681,0,0,0,0,0,0,0,
0,0,0,0,0,0,0,1681,1681,1681,0,0,1681,1681,0,0,0,0,0,1681,1681,0,0,0,1681,1681,1681,0,0,0,0,0,0,0,
0,0,0,0,0,0,0,1681,0,0,0,0,0,1681,0,1681,1681,1681,0,1681,0,0,0,0,0,1681,1681,0,0,0,0,0,0,0,
0,0,0,0,0,0,0,1681,0,0,0,0,0,0,0,1681,1681,1681,0,0,0,0,0,0,0,0,1681,0,0,0,0,0,0,0,
0,0,0,0,0,0,0,1681,1681,1681,0,0,1681,1681,0,0,0,0,0,1681,1681,0,0,0,1681,1681,1681,0,0,0,0,0,0,0,
0,0,0,0,0,0,0,1681,1681,0,0,0,0,0,0,1681,1681,1681,0,0,0,0,0,0,0,0,1681,0,0,0,0,0,0,0,
0,0,0,0,0,0,0,1681,0,0,0,0,0,0,0,0,0,0,0,0,0,0,0,0,0,0,1681,0,0,0,0,0,0,0,
0,0,0,0,0,0,0,1681,1681,1681,0,0,1681,1681,0,1681,1681,1681,0,1681,1681,0,0,0,1681,1681,1681,0,0,0,0,0,0,0,
0,0,0,0,0,0,0,1681,0,0,0,0,0,0,0,1681,1681,1681,0,1681,0,0,0,0,0,0,1681,0,0,0,0,0,0,0,
0,0,0,0,0,0,0,1681,0,0,0,0,0,0,0,0,0,0,0,0,0,0,0,0,0,0,1681,0,0,0,0,0,0,0,
0,0,0,0,0,0,0,1681,1681,1681,0,0,1681,1681,0,0,0,0,0,1681,1681,0,0,0,1681,1681,1681,0,0,0,0,0,0,0,
0,0,0,0,0,0,0,1681,1681,1681,1681,1681,1681,1681,1681,1681,1681,1681,1681,1681,1681,1681,1681,1681,1681,1681,1681,0,0,0,0,0,0,0,
0,0,0,0,0,0,0,0,0,0,0,0,0,0,0,0,0,0,0,0,0,0,0,0,0,0,0,0,0,0,0,0,0,0

[layer]
type=event
data=
-42,-42,-42,-42,-42,-42,-42,-42,-42,-42,-42,-42,-42,-42,-42,-42,-42,-42,-42,-42,-42,-42,-42,-42,-42,-42,-42,-42,-42,-42,-42,-42,-42,-42,
-42,-42,-42,-42,-42,-42,-42,-42,-42,-42,-42,-42,-42,-42,-42,-42,-42,-42,-42,-42,-42,-42,-42,-42,-42,-42,-42,-42,-42,-42,-42,-42,-42,-42,
-42,-42,-42,-42,-42,-42,-42,-42,-42,-42,-42,-42,-42,-42,-42,-42,-42,-42,-42,-42,-42,-42,-42,-42,-42,-42,-42,-42,-42,-42,-42,-42,-42,-42,
-42,-42,-42,-42,-42,-42,-42,-42,-42,-42,-42,-42,-42,-42,-42,-42,-42,-42,30,-42,-42,-42,-42,-42,-42,-42,-42,-42,-42,-42,-42,-42,-42,-42,
-42,-42,-42,-42,-42,-42,-42,-42,-42,-42,-42,-42,-42,-42,-42,-42,-42,-42,30,-42,-42,-42,-42,-42,-42,-42,-42,-42,-42,-42,-42,-42,-42,-42,
-42,-42,-42,-42,-42,-42,-42,-42,-42,-42,-42,-42,-42,-42,-42,-42,-42,-42,-42,-42,-42,-42,-42,-42,-42,-42,-42,-42,-42,-42,-42,-42,-42,-42,
-42,-42,-42,-42,-42,-42,-42,-42,-42,-42,-42,-42,-42,-42,-42,-42,-42,-42,-42,-42,-42,-42,-42,-42,-42,-42,-42,-42,-42,-42,-42,-42,-42,-42,
-42,-42,-42,-42,-42,-42,-42,-42,-42,-42,-42,-42,-42,-42,-42,-42,-42,-42,-42,-42,-42,-42,-42,-42,-42,-42,-42,-42,-42,-42,-42,-42,-42,-42,
-42,-42,-42,-42,-42,-42,-42,-42,-42,-42,-42,-42,-42,-42,-42,-42,-42,-42,-42,-42,-42,-42,-42,-42,-42,-42,-42,-42,-42,-42,-42,-42,-42,-42,
-42,-42,-42,-42,-42,-42,-42,-42,-42,-42,-42,-42,-42,-42,-42,-42,-42,-42,-42,-42,-42,-42,-42,-42,-42,-42,-42,-42,-42,-42,-42,-42,-42,-42,
-42,-42,-42,-42,-42,-42,-42,-42,-42,-42,-42,-42,-42,-42,-42,-42,-42,-42,-42,-42,-42,-42,-42,-42,-42,-42,-42,-42,-42,-42,-42,-42,-42,-42,
-42,-42,-42,-42,-42,-42,-42,-42,-42,-42,-42,-42,-42,-42,-42,-42,-42,-42,-42,-42,-42,-42,-42,-42,-42,-42,-42,-42,-42,-42,-42,-42,-42,-42,
-42,-42,-42,-42,-42,-42,-42,-42,-42,-42,-42,-42,-42,-42,-42,-42,-42,-42,-42,-42,-42,-42,-42,-42,-42,-42,-42,-42,-42,-42,-42,-42,-42,-42,
-42,-42,-42,-42,-42,-42,-42,-42,-42,-42,-42,-42,-42,-42,-42,-42,-42,-42,-42,-42,-42,-42,-42,-42,-42,-42,-42,-42,-42,-42,-42,-42,-42,-42,
-42,-42,-42,-42,-42,-42,-42,-42,-42,-42,-42,-42,-42,-42,-42,-42,-42,-42,-42,-42,-42,-42,-42,-42,-42,-42,-42,-42,-42,-42,-42,-42,-42,-42,
-42,-42,-42,-42,-42,-42,-42,-42,-42,-42,-42,-42,-42,-42,-42,-42,-42,-42,-42,-42,-42,-42,-42,-42,-42,-42,-42,-42,-42,-42,-42,-42,-42,-42,
-42,-42,-42,-42,-42,-42,-42,-42,-42,-42,-42,-42,-42,-42,-42,-42,-42,-42,-42,-42,-42,-42,-42,-42,-42,-42,-42,-42,-42,-42,-42,-42,-42,-42,
-42,-42,-42,-42,-42,-42,-42,-42,-42,-42,-42,-42,-42,-42,-42,-42,-42,-42,-42,-42,-42,-42,-42,-42,-42,-42,-42,-42,-42,-42,-42,-42,-42,-42,
-42,-42,-42,-42,-42,-42,-42,-42,-42,-42,-42,-42,-42,-42,-42,-42,-42,-42,-42,-42,-42,-42,-42,-42,-42,-42,-42,-42,-42,-42,-42,-42,-42,-42,
-42,-42,-42,-42,-42,-42,-42,-42,-42,-42,-42,-42,-42,-42,-42,-42,-42,-42,-42,-42,-42,-42,-42,-42,-42,-42,-42,-42,-42,-42,-42,-42,-42,-42,
-42,-42,-42,-42,-42,-42,-42,-42,-42,-42,-42,-42,-42,-42,-42,-42,-42,-42,-42,-42,-42,-42,-42,-42,-42,-42,-42,-42,-42,-42,-42,-42,-42,-42,
-42,-42,-42,-42,-42,-42,-42,-42,-42,-42,-42,-42,-42,-42,-42,-42,-42,-42,-42,-42,-42,-42,-42,-42,-42,-42,-42,-42,-42,-42,-42,-42,-42,-42
