[header]
width=42
height=82
tilewidth=16
tileheight=16
orientation=orthogonal

[tilesets]
tileset=tileset/house.png
tileset=tileset/ff_master_tile_sheet.png
tileset=tileset/outside.png
tileset=tileset/castle.png
tileset=tileset/tf_winter_water.png
tileset=tileset/collision.png

[layer]
type=sol1
data=
0,0,0,0,0,0,0,0,0,0,0,0,0,0,0,0,0,0,0,0,0,0,0,0,0,0,0,0,0,0,0,0,0,0,0,0,0,0,0,0,0,0,
0,6218,6218,6218,6218,6218,6218,6218,6218,6218,6218,6218,6218,6218,6218,6218,6218,6081,6363,6364,6364,6364,6365,6082,6218,6218,6218,6218,6218,6218,6218,6218,6218,6218,6218,6218,6218,6218,6218,6218,6218,0,
0,6218,6218,6218,6218,6218,6218,6218,6218,6218,6218,6218,6218,6218,6218,6218,6218,6082,6363,6364,6364,6364,6365,6082,6218,6218,6218,6218,6218,6218,6218,6218,6218,6218,6218,6218,6218,6218,6218,6218,6218,0,
0,6218,6218,6218,6218,6218,6218,6218,6218,6218,6218,6218,6218,6218,6218,6218,6088,6088,6431,6432,6432,6432,6433,6080,6218,6218,6218,6218,6218,6218,6218,6218,6175,6175,6175,6175,6175,6218,6218,6218,6218,0,
0,6218,6218,6218,6218,6175,6175,6175,6175,6175,6175,6175,6175,6175,6175,6175,6175,6175,6080,6082,6080,6082,6081,6175,6175,6175,6175,6175,6175,6175,6175,6175,6175,6175,6175,6175,6175,6175,6175,6175,6175,0,
0,6175,6175,6175,6175,6175,6175,6175,6175,6175,6175,6175,6175,6175,6175,6175,6175,6175,6082,6082,6082,6080,6080,6175,6175,6175,6175,6175,6175,6175,6175,6175,6175,6175,6175,6175,6175,6175,6175,6175,6175,0,
0,6175,6175,6175,6175,6175,6175,6175,6175,6175,6175,6175,6175,6175,6175,6175,6175,6175,6081,6081,6082,6082,6081,6175,6175,6175,6175,6175,6175,6175,6175,6175,6175,6175,6175,6175,6175,6175,6175,6175,6175,0,
0,6175,6175,6175,6175,6175,6175,6175,6175,6175,6175,6175,6175,6175,6175,6175,6175,6175,6082,6082,6080,6081,6080,6175,6175,6175,6175,6175,6175,6175,6175,6175,6175,6175,6175,6175,6175,6175,6175,6175,6175,0,
0,6175,6175,6175,6175,6175,6175,6175,6175,6175,6175,6175,6175,6175,6175,6175,6175,6088,6081,6082,6082,6080,6082,6175,6175,6175,6175,6175,6175,6175,6175,6175,6175,6175,6175,6175,6175,6175,6175,6175,6175,0,
0,6088,6088,6088,6088,6088,6088,6088,6088,6088,6088,6088,6088,6088,6088,6088,6088,6088,6082,6082,6081,6080,6081,6088,6088,6088,6088,6088,6088,6088,6088,6088,6088,6088,6088,6088,6088,6088,6088,6088,6175,0,
0,6088,6088,6088,6088,6088,6088,6088,6088,6088,6088,6088,6088,6088,6088,6088,6088,6090,6082,6081,6081,6080,6081,6092,6088,6088,6088,6088,6088,6088,6088,6088,6088,6088,6088,6088,6088,6088,6088,6088,6088,0,
0,6088,6088,6088,6088,6088,6088,6088,6088,6088,6088,6088,6088,6088,6088,6088,6088,6090,6082,6080,6082,6081,6080,6092,6088,6088,6088,6088,6088,6088,6088,6088,6088,6088,6088,6088,6088,6088,6088,6088,6088,0,
0,6088,6088,6088,6088,6088,6088,6088,6088,6088,6088,6088,6088,6088,6088,6088,6088,6090,6082,6081,6082,6080,6080,6092,6088,6088,6088,6088,6088,6088,6088,6088,6088,6088,6088,6088,6088,6088,6088,6088,6088,0,
0,6088,6088,6088,6088,6088,6088,6088,6088,6088,6088,6088,6088,6088,6088,6088,6088,6090,6080,6080,6082,6080,6080,6092,6088,6088,6088,6088,6088,6088,6088,6088,6088,6088,6088,6088,6088,6088,6088,6088,6088,0,
0,6088,6088,6088,6088,6088,6088,6088,6088,6088,6088,6088,6088,6088,6088,6088,6088,6090,6081,6082,6080,6081,6080,6092,6088,6088,6088,6088,6088,6088,6088,6088,6088,6088,6088,6088,6088,6088,6088,6088,6088,0,
0,6781,6781,6781,6781,6781,6781,6781,6781,6781,6781,6781,6781,6781,6781,6781,6781,6781,5654,5654,5654,5706,5706,6781,6781,6781,6781,6781,6781,6781,6781,6781,6781,6781,6781,6781,6781,6781,6781,6781,6781,0,
0,6809,6806,6806,6809,6806,6806,6809,6803,6803,6803,6809,6809,6806,6806,6806,6809,6806,5706,5654,5706,5706,5706,6803,6809,6809,6803,6809,6809,6809,6803,6806,6809,6809,6809,6806,6809,6809,6809,6809,6803,0,
0,6806,6803,6806,6806,6809,6809,6803,6803,6806,6806,6803,6809,6809,6803,6803,6809,6806,5706,5706,5654,5706,5706,6803,6803,6803,6806,6806,6806,6809,6809,6803,6806,6809,6806,6803,6806,6806,6806,6809,6809,0,
0,6803,6806,6809,6803,6803,6809,6806,6806,6803,6803,6806,6803,6803,6806,6809,6809,6809,5654,5654,5706,5654,5706,6806,6803,6809,6803,6803,6809,6803,6806,6803,6806,6806,6803,6809,6803,6803,6806,6803,6806,0,
0,6825,6825,6825,6825,6825,6825,6825,6825,6825,6825,6825,6825,6825,6825,6825,6825,6825,5706,5706,5654,5706,5706,6825,6825,6825,6825,6825,6825,6825,6825,6825,6825,6825,6825,6825,6825,6825,6825,6825,6825,0,
0,3037,3037,3037,3037,3037,3037,3037,3037,3037,3037,3037,3037,3037,3037,3037,3037,6090,6080,6081,6081,6081,6081,6092,6078,3037,3037,3037,3037,3037,3037,3037,3037,3037,3037,3037,3037,3037,3037,3037,3037,0,
0,2791,2791,2791,2788,2788,2791,2792,2791,2790,2791,2789,2790,2789,2788,6078,6056,6090,6080,6080,6080,6082,6080,6092,6078,2788,2790,2788,2788,2790,2790,2790,2788,2788,2788,2789,2788,2789,2789,2788,2788,0,
0,2789,2790,2790,2788,2789,2790,2788,2788,2788,2790,2790,2788,2788,2790,6078,6090,6080,6082,6081,6081,6081,6080,6092,6078,2790,2789,2790,2788,2790,2789,2788,2788,2789,2790,2788,2789,2788,2789,2788,2790,0,
0,2789,2790,2788,2789,2788,2789,2789,2790,2790,2788,2790,2788,2789,2789,6078,6090,6082,6082,6080,6081,6081,6080,6092,6078,2789,2790,2789,2788,2790,2789,2788,2790,2790,2788,2789,2788,2789,2788,2790,2789,0,
0,2788,2789,2790,2790,2789,2790,2789,2789,2789,2788,2788,2790,2788,2788,6078,6090,6080,6081,6080,6080,6081,6081,6092,6078,2789,2790,2790,2788,2790,2788,2788,2790,2788,2788,2788,2790,2788,2788,2790,2788,0,
0,2788,2788,2788,2788,2790,2790,2790,2790,2788,2788,2790,2788,2790,2790,6078,6090,6080,6080,6081,6081,6080,6081,6092,6078,2788,2789,2788,2789,2788,2789,2790,2788,2788,2788,2790,2788,2789,2789,2789,2790,0,
0,2789,2790,2788,2790,2790,2788,2790,2788,2788,2789,2790,2790,2790,2790,6078,6090,6082,6081,6080,6081,6082,6080,6092,6078,2789,2789,2788,2790,2790,2788,2790,2788,2790,2789,2790,2789,2788,2790,2788,2788,0,
0,2789,2789,2789,2790,2790,2790,2789,2788,2789,2788,2789,2788,2788,2790,6078,6090,6081,6082,6080,6082,6081,6081,6092,6078,2790,2790,2789,2788,2788,2788,2788,2788,2789,2790,2788,2790,2788,2789,2788,2789,0,
0,2790,2788,2789,2788,2790,2789,2788,2788,2789,2789,2788,2789,2789,2788,6078,6090,6081,6082,6081,6082,6080,6080,6092,6078,2788,2788,2790,2789,2789,2789,2790,2790,2790,2788,2788,2788,2788,2790,2789,2790,0,
0,2788,2788,2790,2790,2789,2788,2790,2788,2790,2789,2789,2790,2788,2789,6078,6090,6080,6080,6081,6082,6080,6081,6092,6078,2788,2788,2790,2790,2790,2788,2789,2790,2790,2788,2790,2790,2790,2790,2788,2790,0,
0,2790,2789,2789,2788,2788,2789,2790,2788,2788,2790,2788,2788,2788,2789,6078,6090,6080,6080,6080,6081,6081,6081,6092,6078,2790,2788,2789,2790,2790,2790,2788,2788,2790,2788,2788,2789,2788,2790,2788,2790,0,
0,2788,2788,2788,2789,2788,2788,2790,2789,2790,2789,2788,2790,2790,2790,6078,6090,6080,6082,6082,6081,6082,6081,6092,6078,6078,2790,2788,2790,2789,2788,2790,2789,2789,2788,2788,2789,2789,2788,2790,2788,0,
0,2789,2789,2788,2788,2790,2789,2790,2788,2788,2788,2789,2789,2789,2788,6078,6090,6082,6082,6080,6080,6082,6081,6057,6058,6078,2789,2788,2789,2788,3046,3046,3046,3046,3046,3046,3046,3046,3046,3046,2789,0,
0,2788,2788,2788,2788,2789,2788,2790,2790,2789,2788,2790,2788,2788,2788,6078,6124,6125,6090,6081,6081,6082,6080,6082,3208,3049,3048,2668,2668,2668,2668,2668,2668,2668,2668,2668,2668,2668,2668,2668,2668,0,
0,2788,2790,2789,2789,2790,2790,2790,2788,2789,2789,2790,2789,2788,2789,2788,2790,6078,6090,6081,6080,6081,6080,6082,3208,3049,2717,2717,2713,2713,2711,2714,2714,2666,2708,2706,2712,2666,2715,2710,2667,0,
0,2790,2788,2788,2789,2789,2789,2788,2788,2790,2790,2790,2788,2790,2788,2789,2790,6078,6090,6081,6080,6081,6081,6082,3208,3049,2717,2715,2713,2709,2708,2706,2714,2708,2717,2715,2711,2717,2710,2712,2706,0,
0,2789,2789,2788,2789,2790,2790,2789,2790,2789,2790,2788,2789,2789,2788,2789,2788,6078,6090,6081,6080,6081,6082,6080,3208,3049,2668,2717,2706,2716,2668,2717,2788,2788,2788,2713,2709,2715,2707,2715,2708,0,
0,2790,2789,2788,2788,2789,2788,2788,2789,2788,2790,2790,2788,2790,2788,2789,2789,6078,6090,6081,6082,6081,6081,6081,3200,3201,3201,3201,3209,2712,2667,2666,2790,2709,2709,2709,2710,2713,2710,2710,2708,0,
0,2788,2789,2789,2788,2790,2788,2789,2788,2788,2790,2789,2790,2789,2788,2788,6078,6078,6090,6082,6082,6080,6080,6081,3198,3198,3198,3198,3208,2714,2706,2717,2712,2710,2667,2707,2711,2715,2667,2706,2706,0,
0,2789,2790,2789,2790,2788,2788,2790,2789,2790,2788,2789,2789,2788,2790,2790,6078,6056,6082,6082,6080,6081,6082,6080,3198,3198,3198,3198,3208,2715,2707,2708,2713,2668,2717,2714,2709,2706,2717,2706,2714,0,
0,2789,2790,2789,2790,2789,2789,3042,3046,3046,3046,3046,3046,3038,2790,2790,6078,6090,6081,6080,6081,6082,6081,6081,3198,3198,3210,3210,3212,2708,2711,2708,2710,2713,2709,2667,2667,2713,2708,2715,2789,0,
0,2790,6090,6082,6082,6081,6058,3048,3049,3049,3049,3049,3049,3039,2788,2789,6078,6090,6080,6082,6082,6081,6082,6125,6126,3044,2667,2666,2715,2715,2707,2717,2668,2706,2714,2713,2708,2712,2667,2712,2711,0,
0,2789,6090,6082,6080,6082,6081,3200,3209,3049,3049,3049,3049,3047,3038,2789,6078,6090,6082,6081,6081,6081,6081,6092,6078,3044,2712,2717,2714,2788,2667,2706,2668,2713,2714,2706,2710,2706,2790,2713,2713,0,
0,2789,2789,6125,6125,6124,6081,6082,3200,3209,3049,3049,3049,3049,3047,2788,6078,6090,6082,6081,6082,6081,6080,6092,6078,3044,2714,2712,2711,2707,2789,2790,2708,2714,2711,2667,2714,2713,2709,2707,2713,0,
0,2788,2789,2789,2789,3042,3211,3202,6080,3200,3209,3049,3049,3049,3049,3039,6078,6090,6081,6081,6082,6082,6080,6092,6078,3036,3037,3037,3037,3037,3037,3037,3037,2668,2668,3037,3037,3037,3037,3037,3037,0,
0,2789,2789,2788,2789,3044,3049,3211,3202,6080,3200,3209,3049,3049,3049,3047,3038,6090,6082,6080,6081,6081,6081,6092,6078,2790,2788,2788,2789,2790,2790,2789,2789,2668,2668,2788,2789,2788,2789,2789,2789,0,
0,2789,2788,2790,2789,3044,3049,3049,3211,3202,6082,3200,3209,3049,3049,3049,3047,6090,6082,6081,6081,6081,6080,6092,6078,2790,2790,2789,2790,2790,2789,2789,2788,2668,2668,2789,2790,2788,2790,2788,2788,0,
0,2789,2788,2789,2790,3044,3049,3049,3049,3211,3202,6082,3200,3049,3205,3201,3201,6081,6082,6082,6082,6081,6081,6092,6078,2789,2789,2789,2790,2788,2790,2789,2789,3037,3037,2789,2788,2789,2788,2789,2788,0,
0,2788,2788,2788,2790,3044,3049,3049,3049,3049,3211,6080,6080,3201,6082,6080,6082,6080,6081,6080,6080,6080,6081,6057,6057,6057,6057,6057,6057,6057,6057,6057,6057,6057,6057,6057,6057,6057,6057,6057,6057,0,
0,2789,2790,2789,2788,3044,3049,3049,3049,3049,3205,6082,6081,6082,6080,6081,6081,6080,6082,6080,6082,6081,6082,6082,6081,6082,6082,6082,6081,6081,6080,6081,6082,6080,6080,6080,6081,6081,6081,6080,6081,0,
0,2790,2789,2788,2788,3044,3049,3049,3049,3205,6081,6082,6081,6082,6081,6082,6080,6082,6081,6080,6080,6082,6082,6081,6082,6080,6081,6081,6082,6082,6080,6082,6082,6080,6081,6080,6082,6082,6082,6081,6081,0,
0,2789,2789,2789,2788,3044,3049,3049,3049,3203,6081,6080,6080,6082,6082,6081,6081,6081,6082,6081,6080,6080,6082,6081,6081,6081,6082,6082,6081,6080,6080,6082,6082,6082,6080,6081,6082,6082,6082,6081,6080,0,
0,2790,2789,2789,2790,3048,3049,3049,3049,3203,6080,6082,6082,6081,6081,6080,6082,6082,6081,6081,6082,6080,6082,6081,6081,6080,6080,6082,6082,6080,6081,6080,6082,6080,6081,6080,6082,6081,6082,6080,6082,0,
0,2789,2788,2789,3048,3049,3049,3049,3205,6081,6081,6080,6082,6082,6080,6080,6080,6082,6080,6080,6082,6081,6080,6081,6080,6082,6081,6082,6081,6082,6081,6081,6080,6081,6082,6082,6080,6080,6081,6082,6081,0,
0,2790,3042,3048,3049,3049,3049,3049,3203,6082,6082,6080,6082,6080,6081,6082,6080,6081,6081,6081,6081,6080,6081,6080,6081,6125,6125,6125,6125,6125,6125,6125,6125,6125,6125,6125,6125,6125,6125,6125,6125,0,
0,2789,3044,3049,3049,3049,3049,3049,3203,6080,6080,6080,6082,6080,6081,6080,6082,6080,6080,6081,6081,6080,6082,6080,6126,2788,2789,2788,2789,2788,2790,2789,2789,2789,2789,2789,2789,2788,2789,2789,2788,0,
0,2789,3044,3049,3049,2756,3049,3049,3203,6080,6081,6080,6082,6082,6080,6080,6080,6081,6082,6082,6082,6082,6082,6092,6078,2789,2790,2789,2789,2789,2790,2788,2789,2788,2790,2788,2788,2788,2788,2790,2790,0,
0,2789,3044,3049,3049,3049,3049,3049,3211,6082,6081,6081,6081,6081,6082,6082,6082,6081,6081,6082,6082,6082,6081,6092,6078,2788,2788,2788,2788,2789,2789,2789,2790,2789,2789,2790,2788,2788,2788,2789,2788,0,
0,2788,3044,3049,3049,3049,3049,3049,3049,3203,6081,6082,6080,6080,6081,6082,6082,6080,6081,6080,6082,6080,6080,6092,6078,2790,2789,2790,2789,2790,2790,2788,2788,2788,2789,2788,2789,2790,2788,2788,2788,0,
0,2789,3044,3049,3049,2747,3049,3049,3049,3203,6080,6080,6081,6080,6081,6080,6082,6080,6081,6082,6081,6081,6081,6092,6078,2790,2788,2789,2789,2788,2788,2789,2789,2788,2789,2788,2788,2788,2790,2788,2790,0,
0,2790,3044,3049,3049,3049,3049,3049,3049,3211,6080,6081,6081,6080,6082,6081,6080,6082,6082,6081,6082,6081,6081,6092,6078,2790,2789,2789,2788,2788,2789,2788,2789,2790,2790,2788,2789,2790,2789,2788,2790,0,
0,2790,3044,3049,3049,3049,3049,3049,3049,3049,3211,3210,6080,6081,6082,6082,6080,6080,6081,6082,6081,6082,6081,6092,6078,2788,2790,2790,2790,2790,2790,2789,2789,2788,2790,2790,2789,2789,2790,2788,2790,0,
0,2789,3036,3037,3045,3049,3049,3049,3049,3049,3049,3049,3211,3210,6082,6082,6080,6080,6080,6081,6080,6082,6080,6092,6078,2790,2789,2790,2788,2788,2788,2788,2788,2790,2790,2790,2790,2789,2789,2788,2788,0,
0,2788,2789,2788,3036,3037,3037,3045,3049,3049,3049,3049,3049,3049,3211,3210,3210,6080,6082,6082,6081,6081,6080,6092,6078,2789,2788,2788,2790,2790,2790,2790,2789,2788,2788,2789,2789,2789,2790,2789,2790,0,
0,2789,2788,2790,2789,2790,2790,3036,3037,3045,3049,3049,3049,3049,3049,3049,3049,6090,6080,6080,6080,6082,6080,6092,6078,2788,2789,2788,2790,2789,2788,2789,2789,2789,2789,2788,2789,2790,2788,2788,2788,0,
0,2789,2788,2789,2788,2788,2788,2789,2789,3036,3037,3037,3037,3037,3037,3037,3037,6090,6081,6080,6082,6082,6082,6092,6078,2790,2789,2790,2789,2790,2789,2789,2788,2790,2789,2789,2789,2790,2789,2788,2789,0,
0,2789,2788,2788,2790,2788,2788,2789,2789,2790,2789,2788,2788,2788,2788,2790,6078,6090,6080,6082,6082,6080,6082,6092,6078,2788,2789,2788,2790,2790,2790,2790,2789,2790,2790,2788,2789,2789,2790,2790,2788,0,
0,2790,2790,2788,2790,2788,2790,2790,2789,2790,2790,2789,2789,2788,2788,2788,6078,6090,6081,6080,6082,6081,6080,6092,6078,2789,2788,2790,2790,2789,2788,2788,2790,2790,2788,2790,2790,2790,2789,2788,2790,0,
0,2788,2790,2790,2790,2790,2788,2789,2789,2788,2788,2789,2788,2790,2788,2788,6078,6090,6081,6081,6080,6082,6081,6092,6078,2788,2789,2788,2790,2788,2790,2789,2789,2788,2788,2789,2789,2789,2789,2790,2788,0,
0,2788,2789,2788,2788,2788,2790,2788,2789,2790,2790,2789,2788,2788,2790,2788,6078,6090,6081,6081,6081,6080,6082,6092,6078,2788,2788,2788,2790,2790,2788,2789,2790,2789,2790,2790,2790,2789,2790,2789,2789,0,
0,2789,2790,2788,2790,2789,2788,2788,2789,2790,2788,2790,2789,2790,2790,2789,6078,6090,6081,6082,6080,6082,6080,6092,6078,2788,2789,2790,2788,2788,2790,2790,2790,2789,2789,2790,2789,2790,2788,2788,2790,0,
0,2790,2788,2788,2789,2790,2789,2788,2788,2788,2789,2788,2790,2788,2790,2789,6078,6090,6080,6081,6082,6080,6081,6092,6078,2790,2790,2790,2790,2788,2789,2788,2788,2788,2789,2788,2789,2788,2788,2788,2790,0,
0,2788,2788,2789,2788,2790,2790,2790,2789,2788,2790,2790,2789,2790,2788,6078,6078,6090,6080,6080,6080,6081,6080,6092,6078,2789,2788,2788,3568,3569,3570,3571,3572,3573,3568,3569,3570,3571,3572,3573,2788,0,
0,2790,2789,2789,2788,2789,2789,2788,2789,2788,2789,2790,2790,2790,2789,6078,6078,6090,6082,6081,6082,6081,6082,6092,6078,2790,2790,2788,3609,3610,3611,3612,3613,3614,3609,3610,3611,3612,3613,3614,2790,0,
0,2788,2789,2788,2789,2789,2788,2789,2790,2789,2790,2790,2788,2788,2790,3046,3046,6090,6081,6081,6080,6081,6082,6092,6078,2789,2790,2790,3568,3569,3570,3571,3572,3573,3650,3651,3652,3653,3654,3655,2790,0,
0,2788,2788,2789,2789,2788,2790,2790,2789,2790,2788,2789,2788,2789,3044,2708,2668,3203,6082,6081,6081,6080,6082,3198,3046,3046,3038,2790,3609,3610,3611,3612,3613,3614,3568,3569,3570,3571,3572,3573,2790,0,
0,2790,2789,2790,2788,2789,2790,2788,2788,2790,2789,2789,2788,3046,3048,2669,2708,3203,6080,6082,6082,6080,6082,3208,2707,2668,3047,2788,3650,3651,3652,3653,3654,3655,3609,3610,3611,3612,3613,3614,2789,0,
0,2788,2788,2790,2788,2788,2789,2789,2788,2788,2790,2789,3048,2708,2669,2707,2669,3203,6081,6082,6081,6081,6081,3208,2666,2668,2668,3047,3046,2789,2789,2789,2790,2788,3650,3651,3652,3653,3654,3655,2788,0,
0,2788,2789,2788,2790,2789,2790,2789,2790,2788,2789,3044,2668,2707,2707,2667,2707,3203,6080,6082,6080,6081,6082,3208,2708,2667,2706,2669,2706,3047,2789,2790,2789,2789,2790,2790,2788,2790,2788,2788,2790,0,
0,2789,2789,2790,2788,2790,2788,2790,3046,3046,3046,3048,2707,2667,2667,2668,2668,3203,6080,6081,6080,6081,6082,3208,2667,2669,2708,2667,2668,2706,3047,3046,3046,2788,2790,2790,2790,2790,2788,2789,2790,0,
0,2789,2788,2788,2790,2790,2789,3048,2667,2668,2707,2669,2708,2706,2667,2668,2666,3203,6080,6081,6082,6082,6082,3208,2669,2669,2708,2708,2708,2666,2667,2668,2708,3047,2789,2789,2790,2788,2790,2790,2790,0,
0,0,0,0,0,0,0,0,0,0,0,0,0,0,0,0,0,0,0,0,0,0,0,0,0,0,0,0,0,0,0,0,0,0,0,0,0,0,0,0,0,0

[layer]
type=sol2
data=
0,0,0,0,0,0,0,0,0,0,0,0,0,0,0,0,0,0,0,0,0,0,0,0,0,0,0,0,0,0,0,0,0,0,0,0,0,0,0,0,0,0,
0,0,0,0,0,0,0,0,0,0,0,0,0,0,0,0,0,0,0,0,0,0,0,0,0,0,0,0,0,0,0,0,0,0,0,0,0,0,0,0,0,0,
0,0,0,0,0,0,0,0,0,0,0,0,0,0,0,0,0,0,0,0,0,0,0,0,0,0,0,0,0,0,0,0,0,0,0,0,0,0,0,0,0,0,
0,0,0,0,0,0,0,0,0,0,0,0,0,0,0,0,0,0,0,0,0,0,0,0,0,0,0,0,0,0,0,0,0,0,0,0,0,0,0,0,0,0,
0,0,0,0,0,0,0,0,0,0,0,0,0,0,0,0,0,0,0,0,0,0,0,0,0,0,0,0,0,0,0,0,0,0,0,0,0,0,0,0,0,0,
0,0,0,0,0,0,0,0,0,0,0,0,0,0,0,0,0,0,0,0,0,0,0,0,0,0,0,0,0,0,0,0,0,0,0,0,0,0,0,0,0,0,
0,0,0,0,0,0,0,0,0,0,0,0,0,0,0,0,6095,6096,6097,6098,6099,6100,6101,6102,6103,0,0,0,0,0,0,0,0,0,0,0,0,0,0,0,0,0,
0,0,0,0,0,0,0,0,0,0,0,0,0,0,0,0,6129,6130,6277,6277,6277,6277,6277,6136,6137,0,0,0,0,0,0,0,0,0,0,0,0,0,0,0,0,0,
0,6243,6243,6243,6243,6243,6243,6243,6243,6243,6243,6243,6243,6243,6243,6243,6243,6164,6277,6277,6277,6277,6277,6170,6243,6243,6243,6243,6243,6243,6243,6243,6243,6243,6243,6243,6243,6243,6243,6243,6243,0,
0,6277,6277,6277,6277,6277,6277,6277,6277,6277,6277,6277,6277,6277,6277,6277,6277,6198,6199,6200,6201,6202,6203,6204,6277,6277,6277,6277,6277,6277,6277,6277,6277,6277,6277,6277,6277,6277,6277,6277,6277,0,
0,6277,6277,6277,6277,6277,6277,6277,6277,6277,6277,6277,6277,6277,6277,6277,6277,6232,6233,6234,6235,6236,6237,6238,6277,6277,6277,6277,6277,6277,6277,6277,6277,6277,6277,6277,6277,6277,6277,6277,6277,0,
0,6311,6311,6311,6311,6311,6311,6311,6311,6311,6311,6311,6311,6311,6311,6311,6311,6402,6403,6404,6405,6406,6407,6408,6311,6311,6311,6311,6311,6311,6311,6311,6311,6311,6311,6311,6311,6311,6311,6311,6311,0,
0,0,0,0,0,0,0,0,0,0,0,0,0,0,0,0,0,6436,6437,6438,6439,6440,6441,6442,0,0,0,0,0,0,0,0,0,0,0,0,0,0,0,0,0,0,
0,0,0,0,0,0,0,0,0,0,0,0,0,0,0,0,0,6470,6471,6472,6473,6474,6475,6476,0,0,0,0,0,0,0,0,0,0,0,0,0,0,0,0,0,0,
0,0,0,0,0,0,0,0,0,0,0,0,0,0,0,0,0,6504,6505,6506,6507,6508,6509,6510,0,0,0,0,0,0,0,0,0,0,0,0,0,0,0,0,0,0,
0,0,0,0,0,0,0,0,0,0,0,0,0,0,0,0,0,0,0,0,0,0,0,0,0,0,0,0,0,0,0,0,0,0,0,0,0,0,0,0,0,0,
0,0,0,0,0,0,0,0,0,0,0,0,0,0,0,0,0,0,0,0,0,0,0,0,0,0,0,0,0,0,0,0,0,0,0,0,0,0,0,0,0,0,
0,0,0,0,0,0,0,0,0,0,0,0,0,0,0,0,0,0,0,0,0,0,0,0,0,0,0,0,0,0,0,0,0,0,0,0,0,0,0,0,0,0,
0,0,0,0,0,0,0,0,0,0,0,0,0,0,0,0,0,0,0,0,0,0,0,0,0,0,0,0,0,0,0,0,0,0,0,0,0,0,0,0,0,0,
0,297,298,299,300,301,302,0,0,0,0,0,0,0,0,0,0,0,0,0,0,0,0,1835,1836,1837,1838,1839,1840,1841,1835,1836,1837,1838,1839,1840,1841,1835,1836,1837,1838,0,
0,366,367,368,369,370,371,0,0,0,0,0,0,0,0,0,0,0,0,0,0,0,0,1904,1905,1906,1907,1908,1909,1910,1904,1905,1906,1907,1908,1909,1910,1904,1905,1906,1907,0,
0,435,436,437,438,439,440,0,0,0,0,0,0,0,0,0,0,0,0,0,0,0,0,1973,1974,1975,1976,1977,1978,1979,1973,1974,1975,1976,1977,1978,1979,1973,1974,1975,1976,0,
0,504,505,506,507,508,509,0,0,0,0,0,0,0,0,0,0,0,0,0,0,0,0,2456,2457,2458,2459,2460,2461,2462,2456,2457,2458,2459,2460,2461,2462,2456,2457,2458,2459,0,
0,20,21,301,21,21,22,0,0,0,0,0,0,0,0,0,0,0,0,0,0,0,0,2525,2526,2527,2528,2529,2530,2531,2525,2526,2527,2528,2529,2530,2531,2525,2526,2527,2528,0,
0,89,90,370,90,90,91,0,0,0,0,0,0,0,0,0,0,0,0,0,0,0,0,0,0,0,0,0,0,0,0,0,0,0,0,0,0,0,0,0,0,0,
0,158,159,439,159,159,160,0,0,0,0,0,0,0,0,0,0,0,0,0,0,0,0,0,0,0,0,0,0,0,0,0,0,0,0,0,0,0,0,0,0,0,
0,227,228,508,228,228,229,0,0,0,0,0,0,0,0,0,0,0,0,0,0,0,0,0,0,0,0,0,0,0,0,0,0,0,0,0,0,0,0,0,0,0,
0,0,0,0,0,0,0,0,0,0,0,0,0,0,0,0,0,0,0,0,0,0,0,0,1835,1836,1837,1838,1839,1840,1841,1835,1836,1837,1838,1839,1840,1841,1835,1836,1837,0,
0,0,0,0,0,0,0,0,0,0,0,0,0,0,0,0,0,0,0,0,0,0,0,0,1904,1905,1906,1907,1908,1909,1910,1904,1905,1906,1907,1908,1909,1910,1904,1905,1906,0,
0,0,0,0,0,0,0,0,0,0,0,0,0,0,0,0,0,0,0,0,0,0,0,0,1973,1974,1975,1976,1977,1978,1979,1973,1974,1975,1976,1977,1978,1979,1973,1974,1975,0,
0,0,0,0,0,0,0,0,0,0,0,0,0,0,0,0,0,0,0,0,0,0,0,0,2456,2457,2458,2459,2460,2461,2462,2456,2457,2458,2459,2460,2461,2462,2456,2457,2458,0,
0,0,6242,6243,6243,6243,6244,0,0,0,0,0,0,0,0,0,0,0,0,0,0,0,0,0,2525,2526,2527,2528,2529,2530,2531,2525,2526,2527,2528,2529,2530,2531,2525,2526,2527,0,
0,0,6276,6277,6277,6277,6278,0,0,0,0,0,0,0,0,0,0,0,0,0,0,0,0,0,0,0,0,0,0,0,0,0,0,0,0,0,0,0,0,0,0,0,
0,6243,6276,6277,6277,6277,6278,6243,6243,6243,6244,0,0,0,0,0,0,0,0,0,0,0,0,0,0,0,0,0,0,0,0,0,0,0,0,0,0,0,0,0,0,0,
0,0,6276,6277,6277,6277,6278,6277,6277,6277,6278,0,0,0,0,0,0,0,0,0,0,0,0,0,0,0,0,0,0,0,0,5268,5269,5270,5271,5272,5273,0,0,0,0,0,
0,0,6310,6311,6311,6311,6312,0,0,0,6278,0,0,0,0,0,0,0,0,0,0,0,0,0,0,0,0,0,0,0,0,5320,5321,5322,5323,5324,5325,0,0,0,0,0,
0,0,6344,6345,6356,6345,6346,0,0,0,6312,0,0,0,0,0,0,0,0,0,0,0,0,0,0,0,0,0,0,0,0,5372,5373,5374,5375,5376,5377,0,0,0,0,0,
0,0,0,0,6390,0,0,0,0,0,0,0,0,0,0,0,0,0,0,0,0,0,0,0,0,0,0,0,0,0,0,5424,5425,5426,5427,5428,5429,0,0,0,0,0,
0,0,0,0,0,0,0,0,0,0,0,0,0,0,0,0,0,0,0,0,0,0,0,0,0,0,0,0,0,0,0,5476,5477,5478,5479,5480,5481,0,0,0,0,0,
0,0,0,0,0,0,0,0,0,0,0,0,0,0,0,0,0,0,0,0,0,0,0,0,0,0,0,0,0,0,0,5528,5529,5530,5531,5532,5533,0,0,0,0,0,
0,0,0,0,0,0,0,0,0,0,0,0,0,0,0,0,0,0,0,0,0,0,0,0,0,0,0,0,0,0,0,0,0,0,0,0,0,0,0,0,0,0,
0,0,0,0,0,0,0,0,0,0,0,0,0,0,0,0,0,0,0,0,0,0,0,0,0,0,0,0,0,0,0,0,0,0,0,0,0,0,0,0,0,0,
0,0,0,0,0,0,0,0,0,0,0,0,0,0,0,0,0,0,0,0,0,0,0,0,0,0,0,0,0,0,0,0,0,0,0,0,0,0,0,0,0,0,
0,0,0,5262,5263,5264,5265,5266,5267,0,0,0,0,0,0,0,0,0,0,0,0,0,0,0,0,0,0,0,0,0,0,0,0,0,0,0,0,0,0,0,0,0,
0,0,0,5314,5315,5316,5317,5318,5319,0,0,0,0,0,0,0,0,0,0,0,0,0,0,0,0,0,0,0,0,0,0,0,0,0,0,0,0,0,0,0,0,0,
0,0,0,5366,5367,5368,5369,5370,5371,0,0,0,0,0,0,0,0,0,0,0,0,0,0,0,0,0,0,0,0,0,0,0,0,0,0,0,0,0,0,0,0,0,
0,0,0,5418,5419,5420,5421,5422,5423,0,0,0,0,0,0,0,0,0,0,0,0,0,0,0,0,0,0,0,0,0,0,0,0,0,0,0,0,0,0,0,0,0,
0,0,0,5470,5471,5472,5473,5474,5475,0,0,0,0,0,0,0,0,0,0,0,0,0,0,0,0,0,0,0,0,0,0,0,0,0,0,0,0,0,0,0,0,0,
0,0,0,0,0,0,0,0,0,0,0,0,0,0,0,0,0,0,0,0,0,0,0,0,0,0,0,0,0,0,0,0,0,0,0,0,0,0,0,0,0,0,
0,0,0,0,0,0,0,0,0,0,0,0,0,0,0,0,0,0,0,0,0,0,0,0,0,0,0,0,0,0,0,0,0,0,0,0,0,0,0,0,0,0,
5262,5263,5264,5265,5266,5267,0,0,0,0,0,0,0,0,0,0,0,0,0,0,0,0,0,0,0,0,0,0,0,0,0,0,0,0,0,0,0,0,0,0,0,0,
5314,5315,5316,5317,5318,5319,0,0,0,0,0,0,0,0,0,0,0,0,0,0,0,0,0,0,0,0,0,1835,1836,1837,1838,1839,1840,1841,1814,1815,1816,1817,1818,1819,1820,0,
5366,5367,5368,5369,5370,5371,0,0,0,0,0,0,0,0,0,0,0,0,0,0,0,0,0,0,0,0,0,1904,1905,1906,1907,1908,1909,1910,1883,1884,1885,1886,1887,1888,1889,0,
5418,5419,5420,5421,5422,5423,0,0,0,0,0,0,0,0,0,0,0,0,0,0,0,0,0,0,0,0,0,1973,1974,1975,1976,1977,1978,1979,1952,1953,1954,1955,1956,1957,1958,0,
5470,5471,5472,5473,5474,5475,5264,5265,5266,5267,0,0,0,0,0,0,0,0,0,0,0,0,0,0,0,0,0,2042,2043,2044,2045,2046,2047,2048,2021,2022,2023,2024,2025,2026,2027,0,
0,0,0,0,5314,5315,5316,5317,5318,5319,0,0,0,0,0,0,0,0,0,0,0,0,0,0,0,0,0,2111,2112,2113,2114,2115,2116,2117,2090,2091,2092,2093,2094,2095,2096,0,
0,0,0,0,5366,5367,5368,5369,5370,5371,0,0,0,0,0,0,0,0,0,0,0,0,0,0,0,0,0,0,0,0,0,0,0,0,0,0,0,0,0,0,0,0,
0,0,0,0,5418,5419,5420,5421,5422,5423,0,0,0,0,0,0,0,0,0,0,0,0,0,0,0,0,0,0,0,0,0,0,0,0,0,0,0,0,0,0,0,0,
0,0,0,0,5470,5471,5472,5473,5474,5475,0,0,0,0,0,0,0,0,0,0,0,0,0,0,0,0,0,0,0,0,0,0,0,0,0,0,0,0,0,0,0,0,
0,0,0,0,0,0,0,0,0,0,0,0,0,0,0,0,0,0,0,0,0,0,0,0,0,0,0,0,0,0,0,0,0,0,0,0,0,0,0,0,0,0,
0,0,0,0,0,0,0,0,0,0,0,0,0,0,0,0,0,0,0,0,0,0,0,0,0,0,0,0,0,0,0,0,0,0,0,0,0,0,0,0,0,0,
0,0,0,0,0,0,0,0,0,0,0,0,0,0,0,0,0,0,0,0,0,0,0,0,0,0,0,0,0,0,0,0,0,0,0,0,0,0,0,0,0,0,
0,0,0,0,0,0,0,0,0,0,0,0,0,0,0,0,0,0,0,0,0,0,0,0,0,0,0,0,0,0,0,0,0,0,0,0,0,0,0,0,0,0,
0,0,0,0,0,0,0,0,0,0,0,0,0,0,0,0,0,0,0,0,0,0,0,0,0,0,0,0,0,0,0,0,0,0,0,0,0,0,0,0,0,0,
0,0,0,0,0,0,0,0,0,0,0,0,0,0,0,0,0,0,0,0,0,0,0,0,0,0,0,0,0,0,0,0,0,0,0,0,0,0,0,0,0,0,
0,0,0,0,0,0,0,0,0,0,0,0,0,0,0,0,0,0,0,0,0,0,0,0,0,0,0,1835,1836,1837,1838,1839,1840,1841,1835,1836,1837,1838,1839,1840,1841,0,
0,0,0,0,0,0,0,0,0,0,0,0,0,0,0,0,0,0,0,0,0,0,0,0,0,0,0,1904,1905,1906,1907,1908,1909,1910,1904,1905,1906,1907,1908,1909,1910,0,
0,0,0,0,0,0,0,0,0,0,0,0,0,0,0,0,0,0,0,0,0,0,0,0,0,0,0,1973,1974,1975,1976,1977,1978,1979,1973,1974,1975,1976,1977,1978,1979,0,
0,1835,1836,1837,1838,1839,1840,1841,1835,1836,1837,1838,1839,1840,1841,0,0,0,0,0,0,0,0,0,0,0,0,2456,2457,2458,2459,2460,2461,2462,2456,2457,2458,2459,2460,2461,2462,0,
0,1904,1905,1906,1907,1908,1909,1910,1904,1905,1906,1907,1908,1909,1910,0,0,0,0,0,0,0,0,0,0,0,0,2525,2526,2527,2528,2529,2530,2531,2525,2526,2527,2528,2529,2530,2531,0,
0,1973,1974,1975,1976,1977,1978,1979,1973,1974,1975,1976,1977,1978,1979,0,0,0,0,0,0,0,0,0,0,0,0,0,0,0,0,0,0,0,0,0,0,0,0,0,0,0,
0,2456,2457,2458,2459,2460,2461,2462,2456,2457,2458,2459,2460,2461,2462,0,0,0,0,0,0,0,0,0,0,0,0,0,0,0,0,0,0,0,0,0,0,0,0,0,0,0,
0,2525,2526,2527,2528,2529,2530,2531,2525,2526,2527,2528,2529,2530,2531,0,0,0,0,0,0,0,0,0,0,0,0,0,0,0,0,0,0,0,0,0,0,0,0,0,0,0,
0,0,0,0,0,0,0,0,0,0,0,0,0,0,0,0,0,0,0,0,0,0,0,0,0,0,0,0,0,0,0,0,0,0,0,0,0,0,0,0,0,0,
0,0,0,0,0,0,0,0,0,0,0,0,0,0,0,0,0,0,0,0,0,0,0,0,0,0,0,0,0,0,0,0,0,0,0,0,0,0,0,0,0,0,
0,0,0,0,0,0,0,0,0,0,0,0,0,0,0,0,0,0,0,0,0,0,0,0,0,0,0,0,0,0,0,0,0,0,0,0,0,0,0,0,0,0,
0,0,0,0,0,0,0,0,0,0,0,0,0,0,0,0,0,0,0,0,0,0,0,0,0,0,0,0,0,0,0,0,0,0,0,0,0,0,0,0,0,0,
0,0,0,0,0,0,0,0,0,0,0,0,0,0,0,0,0,0,0,0,0,0,0,0,0,0,0,0,0,0,0,0,0,0,0,0,0,0,0,0,0,0,
0,0,0,0,0,0,0,0,0,0,0,0,0,0,0,0,0,0,0,0,0,0,0,0,0,0,0,0,0,0,0,0,0,0,0,0,0,0,0,0,0,0,
0,0,0,0,0,0,0,0,0,0,0,0,0,0,0,0,0,0,0,0,0,0,0,0,0,0,0,0,0,0,0,0,0,0,0,0,0,0,0,0,0,0,
0,0,0,0,0,0,0,0,0,0,0,0,0,0,0,0,0,0,0,0,0,0,0,0,0,0,0,0,0,0,0,0,0,0,0,0,0,0,0,0,0,0,
0,0,0,0,0,0,0,0,0,0,0,0,0,0,0,0,0,0,0,0,0,0,0,0,0,0,0,0,0,0,0,0,0,0,0,0,0,0,0,0,0,0

[layer]
type=decord1
data=
0,0,0,0,0,0,0,0,0,0,0,0,0,0,0,0,0,0,0,0,0,0,0,0,0,0,0,0,0,0,0,0,0,0,0,0,0,0,0,0,0,0,
0,6345,6345,6345,6345,6357,6345,6345,6354,6345,6345,6345,6345,6345,6345,6345,6345,6345,0,0,0,0,0,6345,6345,6345,6345,6345,6357,6345,6345,6354,6345,6345,6345,6357,6345,6345,6345,6345,6345,0,
0,6379,6379,6379,6379,6391,6379,6379,6388,6379,6379,6379,6379,6379,6379,6379,6379,6379,0,0,0,0,0,6379,6379,6379,6379,6379,6391,6379,6379,6388,6379,6379,6379,6391,6379,6379,6379,6379,6379,0,
0,6413,6413,6413,6413,6413,6413,6413,6413,6413,6413,6413,6413,6413,6413,6413,6413,6413,0,0,0,0,0,6413,6413,6413,6413,6413,6413,6413,6413,6413,6413,6413,6413,6413,6413,6413,6413,6413,6413,0,
0,0,0,0,0,0,0,0,0,0,0,0,0,0,0,0,0,0,0,0,0,0,0,0,0,0,0,0,0,0,0,0,0,0,0,0,0,0,0,0,0,0,
0,0,0,0,0,0,0,0,0,0,0,2780,0,0,0,0,0,0,0,0,0,0,0,0,0,0,0,2780,0,0,0,0,0,0,2779,0,0,0,0,0,0,0,
0,0,0,0,0,0,0,0,0,2779,0,0,0,2780,0,0,0,0,0,0,0,0,0,0,0,0,0,0,0,0,2778,0,0,0,0,0,0,0,0,0,0,0,
0,0,0,0,0,0,0,0,0,0,0,0,0,0,0,0,0,0,0,0,0,0,0,0,0,0,0,0,0,0,0,0,0,0,0,0,0,0,0,0,0,0,
0,0,0,0,0,0,0,0,0,0,0,0,0,0,0,0,0,0,0,0,0,0,0,0,0,0,0,0,0,0,0,0,0,0,0,0,0,0,0,0,0,0,
0,0,0,0,0,0,0,0,0,0,0,0,0,0,0,0,0,0,0,0,0,0,0,0,0,0,0,0,0,0,0,0,0,0,0,0,0,0,0,0,0,0,
0,0,0,0,0,0,0,0,0,0,0,0,0,0,0,0,0,0,0,0,0,0,0,0,0,0,0,0,0,0,0,0,0,0,0,0,0,0,0,0,0,0,
0,0,0,0,0,0,0,0,0,0,0,0,0,0,0,0,0,0,0,0,0,0,0,0,0,0,0,0,0,0,0,0,0,0,0,0,0,0,0,0,0,0,
0,6345,6345,6345,6345,6345,6345,6345,6345,6345,6345,6345,6345,6345,6345,6345,6345,0,0,0,0,0,0,0,6345,6345,6345,6345,6345,6345,6345,6345,6345,6345,6345,6345,6345,6345,6345,6345,6345,0,
0,6379,6379,6379,6379,6379,6379,6379,6379,6379,6379,6379,6379,6379,6379,6379,6379,0,0,0,0,0,0,0,6379,6379,6379,6379,6379,6379,6379,6379,6379,6379,6379,6379,6379,6379,6379,6379,6379,0,
0,6413,6413,6413,6413,6413,6413,6413,6413,6413,6413,6413,6413,6413,6413,6413,6413,0,0,0,0,0,0,0,6413,6413,6413,6413,6413,6413,6413,6413,6413,6413,6413,6413,6413,6413,6413,6413,6413,0,
0,0,0,0,0,0,0,0,0,0,0,0,0,0,0,0,0,5653,0,0,0,0,0,5655,0,0,0,0,0,0,0,0,0,0,0,0,0,0,0,0,0,0,
0,0,0,0,0,0,0,0,0,0,0,0,0,0,0,0,0,5705,0,0,0,0,0,5707,0,0,0,0,0,0,0,0,0,0,0,0,0,0,0,0,0,0,
0,0,0,0,0,0,0,0,0,0,0,0,0,0,0,0,0,5705,0,0,0,0,0,5707,0,0,0,0,0,0,0,0,0,0,0,0,0,0,0,0,0,0,
0,0,0,0,0,0,0,0,0,0,0,0,0,0,0,0,0,5705,0,0,0,0,0,5707,0,0,0,0,0,0,0,0,0,0,0,0,0,0,0,0,0,0,
0,0,0,0,0,0,0,0,0,0,0,0,0,0,0,0,0,5653,0,0,0,0,0,5655,0,0,0,0,0,0,0,0,0,0,0,0,0,0,0,0,0,0,
0,0,0,0,0,0,0,0,0,0,0,2860,2861,0,0,0,0,0,0,0,0,0,0,0,0,0,0,0,0,0,0,0,0,0,0,0,0,0,0,0,0,0,
0,0,0,0,0,0,0,0,0,0,0,0,2860,2861,0,0,0,0,0,0,0,0,0,0,0,0,0,0,0,0,0,0,0,0,0,0,0,0,0,0,0,0,
0,0,0,0,0,0,0,0,0,0,0,0,0,2860,2861,2860,2861,2860,2861,0,0,0,0,0,0,0,0,0,0,0,0,0,0,0,0,0,0,0,0,0,0,0,
0,2003,2012,2013,2014,2004,2005,0,0,0,0,0,0,0,0,0,0,0,0,0,0,0,0,0,0,0,0,0,0,0,0,0,0,0,0,0,0,0,0,0,0,0,
0,0,0,0,0,0,0,0,0,0,0,0,0,0,0,0,0,0,0,0,0,0,0,2417,2424,2425,2426,2427,2428,2419,2417,2428,2429,2430,2423,2424,2419,2417,2426,2427,2418,0,
0,0,0,0,0,0,0,0,0,0,0,0,0,0,0,0,0,0,0,0,2785,0,0,2486,2493,2494,2495,2496,2497,2488,2486,2497,2498,2499,2492,2493,2488,2486,2495,2496,2487,0,
0,0,0,0,0,0,0,2003,2012,2013,2014,2004,2005,0,0,0,2865,0,0,2738,0,0,0,0,0,0,0,0,0,0,0,0,0,0,0,0,0,0,0,0,0,0,
0,278,279,279,279,279,280,0,0,0,0,0,0,0,0,0,0,0,2784,0,0,2825,0,2865,0,0,0,0,0,0,0,0,2784,0,0,0,0,0,0,0,0,0,
0,347,348,348,348,348,349,0,0,0,0,0,0,0,0,0,2863,0,0,0,0,0,0,0,0,0,0,0,0,0,0,0,0,0,0,0,0,0,0,0,0,0,
0,0,0,0,0,0,0,0,0,0,0,0,0,0,0,0,0,0,0,0,0,0,0,0,0,0,0,0,0,0,0,0,0,0,0,0,0,0,0,0,0,0,
0,0,0,0,0,0,0,278,279,279,279,279,280,0,0,0,0,0,2865,0,0,0,0,0,0,0,0,0,0,0,0,0,0,0,0,0,0,0,0,0,0,0,
0,0,0,0,0,0,0,347,348,348,348,348,349,0,0,0,0,0,0,0,0,0,0,0,0,0,0,0,0,0,0,0,0,0,0,0,0,0,0,0,0,0,
0,0,0,0,0,0,0,0,0,0,0,0,0,0,0,0,0,0,0,0,0,0,0,0,2417,2424,2425,1250,1251,1252,2419,2417,2428,1245,1245,2423,2424,2419,2417,1245,1121,0,
0,6243,0,0,0,0,0,0,0,0,0,0,0,0,0,0,0,0,0,0,0,0,0,0,2486,2493,2494,1319,1320,1321,2488,2486,2497,1314,1314,2492,2493,2488,2486,1314,1190,0,
0,6277,0,0,0,0,0,0,0,0,0,0,0,0,0,0,0,0,0,0,0,2826,0,0,0,0,5016,0,0,4976,0,0,4975,0,0,4977,0,0,4975,0,4976,0,
0,6277,0,0,0,0,0,6277,6277,6277,6278,0,0,2825,0,0,0,0,0,0,0,0,0,0,0,0,5016,0,0,0,0,0,0,0,0,0,0,0,0,0,0,0,
0,6311,0,0,0,0,0,6311,6311,6311,6312,0,0,0,0,0,0,0,0,0,0,0,0,0,0,0,5016,0,0,4975,0,0,0,0,0,0,0,0,4977,0,4977,0,
0,6356,6344,6324,6325,6326,6346,6357,6357,6357,6346,0,0,0,0,0,2865,0,0,0,0,0,0,0,0,0,5068,0,0,0,0,0,0,0,0,0,0,0,0,0,0,0,
0,6390,6344,6358,6359,6360,6346,6391,6391,6391,6380,0,0,0,0,0,0,0,0,0,0,0,0,0,0,0,0,0,0,4977,0,0,0,0,0,0,0,0,4976,0,4975,0,
0,6413,6378,6392,6393,6394,6380,6413,6413,6413,6414,0,0,0,0,0,0,0,0,0,0,0,0,0,0,0,0,0,0,0,0,0,0,0,0,0,0,0,0,0,0,0,
0,0,6412,6426,6427,6428,6414,0,0,0,6448,0,0,0,0,0,0,0,0,0,0,0,0,0,0,0,0,0,0,4977,0,4976,0,0,0,0,4975,0,4976,0,4977,0,
0,0,6446,6460,6461,6462,6448,2862,0,0,0,0,0,0,0,0,0,0,0,0,0,0,0,0,0,0,5016,0,0,0,0,0,5737,5738,5739,5740,0,0,0,0,0,0,
0,2860,2861,0,2862,2860,2861,2860,2861,0,0,0,0,0,0,0,0,0,2785,0,0,0,0,0,0,0,5016,0,0,4975,0,4975,0,0,0,0,4975,0,4975,0,4975,0,
0,0,2860,2861,0,0,0,0,0,0,0,0,0,0,0,0,0,0,0,0,2785,0,0,0,0,0,5017,5018,5018,5018,5018,0,5018,5018,5018,5018,5018,5018,5018,5018,5018,0,
0,0,0,0,0,0,0,0,0,0,0,0,2864,0,0,0,0,0,0,0,0,0,0,0,0,0,0,0,0,0,0,0,0,0,0,0,0,0,0,0,0,0,
0,0,0,0,0,0,0,0,0,0,0,0,0,0,0,0,0,0,0,0,0,0,0,0,0,0,0,0,0,0,0,0,0,0,0,0,0,0,0,0,0,0,
0,0,0,0,0,0,0,0,0,0,0,0,0,0,0,0,0,0,0,0,0,0,0,0,0,0,0,0,0,0,0,0,0,0,0,0,0,0,0,0,0,0,
0,4880,4881,0,0,0,0,0,0,0,0,0,0,0,0,0,0,0,0,0,0,0,0,0,0,0,0,692,699,695,696,697,698,694,2003,2014,2015,2016,2017,2018,2005,0,
0,0,0,0,0,0,0,0,0,0,0,0,0,0,0,0,0,0,0,0,0,2863,0,0,0,0,0,761,768,764,765,766,767,763,2072,2083,2084,2085,2086,2087,2074,0,
0,0,4880,4881,0,0,0,0,0,0,0,0,0,0,0,0,0,0,0,0,0,0,0,0,0,0,0,0,0,0,0,0,0,0,0,0,0,0,0,0,0,0,
0,0,0,0,5159,5160,5161,5162,0,0,0,0,3352,3396,3354,0,0,0,0,0,0,0,0,0,0,0,0,0,0,0,0,0,0,0,0,0,2826,0,0,0,0,0,
0,0,0,0,0,0,0,0,0,0,0,0,3393,3394,3395,0,0,0,0,0,0,0,0,0,0,0,0,0,0,0,0,0,0,2826,0,0,0,0,0,0,0,0,
0,0,0,0,0,0,4880,4881,0,0,0,0,0,0,0,0,0,0,0,0,0,0,0,0,0,0,0,0,0,0,0,0,0,0,0,0,0,0,0,0,0,0,
0,0,0,0,0,0,0,0,0,0,0,0,0,0,0,0,0,0,3231,3232,3233,0,0,0,0,2864,0,0,0,0,0,0,0,0,0,0,0,0,0,0,0,0,
0,0,0,0,0,0,0,0,0,0,0,0,0,0,0,0,0,0,0,0,0,0,0,0,0,0,0,0,0,0,0,0,0,0,0,0,0,0,0,0,0,0,
0,0,0,0,0,0,0,0,0,0,0,0,0,0,0,0,0,0,0,0,0,0,0,0,0,0,0,0,0,0,0,0,0,0,0,0,0,0,0,0,0,0,
0,0,0,0,0,0,0,0,0,0,0,0,0,0,0,0,0,0,0,0,0,0,0,0,0,0,0,2003,2014,2015,2016,2017,2018,2005,2003,2014,286,285,286,283,2005,0,
0,5731,5732,5733,5734,0,0,0,0,0,0,0,0,0,2863,0,0,0,0,0,0,0,0,0,0,0,0,2072,2083,2084,2085,2086,2087,2074,2072,2083,355,354,355,352,2074,0,
0,0,0,0,0,0,0,0,0,0,0,0,0,0,0,0,0,0,0,0,0,0,0,0,0,0,0,0,0,0,0,0,0,0,3721,3356,3357,3723,0,3314,3314,0,
0,0,0,0,0,0,0,0,0,0,0,0,0,0,0,0,0,0,0,0,0,0,0,0,0,0,0,0,0,0,0,0,0,0,3762,3763,3763,3764,0,3275,0,0,
0,0,0,0,0,0,0,0,0,0,0,0,0,0,0,0,0,0,0,0,0,0,0,0,0,0,0,0,0,0,0,0,0,0,3318,0,0,3318,3069,3316,0,0,
0,0,4882,4883,0,5731,5732,5733,5734,0,0,0,0,0,0,0,0,0,0,0,0,0,0,0,0,0,0,0,0,0,0,0,0,0,0,0,0,0,4873,4867,4870,0,
0,0,0,0,0,0,0,0,0,0,0,0,0,0,0,0,0,0,0,0,0,0,0,0,2864,0,0,3945,3946,3948,3949,3950,3951,3952,0,0,0,0,4864,4864,0,0,
0,0,0,0,0,0,0,0,0,0,0,0,0,0,0,0,0,0,0,0,0,0,0,0,0,0,0,3986,3987,3989,3990,3991,3992,3993,0,0,0,0,0,4864,0,0,
0,0,0,0,0,4884,4885,0,0,0,0,0,0,0,0,0,0,0,0,0,0,0,0,0,0,0,0,0,0,0,0,0,0,0,0,0,0,0,0,0,0,0,
0,0,0,0,0,0,2826,0,2826,0,2784,0,0,0,0,0,0,0,0,0,0,0,0,0,0,0,0,0,0,0,0,0,0,0,0,0,0,0,0,0,0,0,
0,0,0,2867,0,0,0,2784,2738,0,0,0,0,0,0,0,0,0,0,0,0,0,0,0,0,0,0,0,0,0,0,0,0,0,0,0,0,0,0,0,0,0,
0,0,0,0,0,0,2784,0,0,2784,0,0,0,0,0,0,0,0,0,0,0,0,0,0,0,0,0,0,0,0,0,0,0,0,0,0,0,0,0,0,0,0,
0,0,0,0,0,0,0,0,0,0,0,0,0,0,0,3231,3234,3235,0,0,0,0,0,0,0,0,0,0,0,0,0,0,0,0,0,0,0,0,0,0,0,0,
0,0,0,0,0,0,0,0,0,0,0,0,0,0,0,0,0,0,3231,3234,3235,0,0,0,0,0,0,0,0,0,0,0,0,0,0,0,0,0,0,0,0,0,
0,0,0,0,0,0,0,0,0,0,0,0,0,0,0,0,0,0,0,0,0,0,0,0,2865,0,0,2417,2424,2425,2426,2427,2428,2419,2417,2428,2429,2430,2423,2424,2419,3902,
0,0,0,0,0,0,0,0,0,0,0,0,0,0,0,0,0,0,0,0,0,0,0,0,0,0,0,2486,2493,2494,2495,2496,2497,2488,2486,2497,2498,2499,2492,2493,1315,0,
0,0,0,0,0,0,0,0,0,0,0,0,0,0,0,0,0,0,0,0,0,0,0,0,0,0,0,3574,4148,4147,4148,0,0,0,3942,0,0,0,0,3900,3567,0,
0,2417,2424,2425,2426,2427,2428,2419,2417,2428,2429,2430,2423,2424,2419,0,2864,0,0,0,0,0,0,0,0,0,0,3574,4148,4147,4148,0,0,0,0,3942,0,0,3943,0,3608,0,
0,2486,2493,2494,2495,2496,2497,2488,2486,2497,2498,2499,2492,2493,2488,0,0,0,0,0,0,0,0,0,0,0,0,3567,4147,4147,4147,4145,4146,0,0,0,0,0,3942,0,3567,0,
0,0,0,0,0,0,0,0,0,0,0,0,0,0,0,0,0,0,0,0,0,0,0,0,0,0,0,3608,4148,4147,4148,0,0,0,0,0,0,0,0,0,3608,0,
0,0,0,0,0,0,0,0,0,0,0,0,0,0,0,0,0,0,0,0,0,0,0,0,0,0,0,3649,0,0,0,0,0,0,0,0,0,0,0,0,3649,0,
0,0,0,0,0,0,0,0,0,0,0,0,0,0,0,0,0,0,0,0,0,0,0,0,0,0,0,0,0,0,0,0,0,0,0,0,0,0,0,0,0,0,
0,0,0,0,0,0,0,0,0,0,0,0,0,0,0,0,0,0,0,0,0,0,0,0,0,0,0,0,0,0,0,0,0,0,0,0,0,0,0,0,0,0,
0,0,0,0,0,0,0,0,0,0,0,0,0,0,0,0,0,0,0,0,0,0,0,0,0,0,0,0,0,0,0,0,0,0,0,0,0,0,0,0,0,0,
0,0,0,0,0,0,0,0,0,0,0,0,0,0,0,0,0,0,0,0,0,0,0,0,0,0,0,0,0,0,0,0,0,0,0,0,0,0,0,0,0,0,
0,0,0,0,0,0,0,0,0,0,0,0,0,0,0,0,0,0,0,0,0,0,0,0,0,0,0,0,0,0,0,0,0,0,0,0,0,0,0,0,0,0

[layer]
type=decord2
data=
0,0,0,0,0,0,0,0,0,0,0,0,0,0,0,0,0,0,0,0,0,0,0,0,0,0,0,0,0,0,0,0,0,0,0,0,0,0,0,0,0,0,
0,0,0,0,0,0,0,0,0,0,0,0,0,0,0,0,0,6491,0,0,0,0,0,6491,0,0,0,0,0,0,0,0,0,0,0,0,0,0,0,0,0,0,
0,0,0,0,0,0,0,0,0,0,0,0,0,0,0,0,0,6525,0,0,0,0,0,6525,0,0,0,0,0,0,0,0,0,0,0,0,0,0,0,0,0,0,
0,0,0,0,0,0,0,0,0,0,0,0,0,0,0,0,0,0,0,0,0,0,0,0,0,0,0,0,0,0,0,0,0,0,0,0,0,0,0,0,0,0,
0,0,0,2824,0,2824,0,0,0,0,0,0,0,0,0,0,0,0,0,0,0,0,0,0,0,0,0,0,0,0,0,0,0,0,0,0,2824,0,2824,0,0,0,
0,0,0,2865,0,2865,0,0,0,0,0,0,0,0,0,0,0,0,0,0,0,0,0,0,0,0,0,0,0,0,0,0,0,0,0,0,2865,0,2865,0,0,0,
0,0,0,0,0,0,0,0,0,0,0,0,0,0,0,0,0,0,0,0,0,0,0,0,0,0,0,0,0,0,0,0,0,0,0,0,0,0,0,0,0,0,
0,0,0,0,0,0,0,0,0,0,0,0,0,0,0,0,0,0,0,0,0,0,0,0,0,0,0,0,0,0,0,0,0,0,0,0,0,0,0,0,0,0,
0,0,0,0,0,0,0,0,0,0,0,0,0,0,0,0,0,0,0,0,0,0,0,0,0,0,0,0,0,0,0,0,0,0,0,0,0,0,0,0,0,0,
0,0,0,0,0,0,0,0,0,0,0,0,0,0,0,0,0,0,0,0,0,0,0,0,0,0,0,0,0,0,0,0,0,0,0,0,0,0,0,0,0,0,
0,0,0,0,0,0,0,0,0,0,0,0,0,0,0,0,0,0,0,0,0,0,0,0,0,0,0,0,0,0,0,0,0,0,0,0,0,0,0,0,0,0,
0,0,0,0,0,0,0,0,0,0,0,0,0,0,0,0,0,0,0,0,0,0,0,0,0,0,0,0,0,0,0,0,0,0,0,0,0,0,0,0,0,0,
0,0,0,0,0,0,0,0,6491,0,0,0,0,0,0,0,6491,0,0,0,0,0,0,0,6491,0,0,0,0,0,0,0,6491,0,0,0,0,0,0,0,0,0,
0,0,0,0,0,0,0,0,6525,0,0,0,0,0,0,0,6525,0,0,0,0,0,0,0,6525,0,0,0,0,0,0,0,6525,0,0,0,0,0,0,0,0,0,
0,0,0,0,0,0,0,0,0,0,0,0,0,0,0,0,0,0,0,0,0,0,0,0,0,0,0,0,0,0,0,0,0,0,0,0,0,0,0,0,0,0,
0,0,0,0,0,0,0,0,0,0,0,0,0,0,0,0,0,0,0,0,0,0,0,0,0,0,0,0,0,0,0,0,0,0,0,0,0,0,0,0,0,0,
0,0,0,0,5499,0,5499,0,0,0,0,0,0,0,0,0,0,0,0,0,0,0,0,0,0,0,0,0,0,0,0,0,5494,0,5499,0,0,0,0,0,0,0,
0,0,0,0,0,0,5495,0,0,0,5495,0,0,0,0,0,0,0,0,0,0,0,0,0,0,0,0,0,0,0,0,5499,0,5497,0,0,0,0,0,0,0,0,
0,0,0,0,0,0,0,0,0,0,0,0,0,0,0,0,0,0,0,0,0,0,0,0,0,0,0,0,0,0,0,0,0,0,0,0,0,0,0,0,0,0,
0,0,0,0,0,0,0,0,0,0,0,2819,2820,0,0,0,0,0,0,0,0,0,0,0,0,0,0,0,0,0,0,0,0,0,0,0,0,0,0,0,0,0,
0,0,0,0,0,0,0,0,0,0,0,0,2819,2820,0,0,0,0,0,0,0,0,0,0,0,0,0,0,0,0,0,0,0,0,0,0,0,0,0,0,0,0,
0,0,0,0,0,0,0,0,0,0,0,0,0,2819,2820,2819,2820,2819,2820,0,0,0,0,0,0,0,0,0,0,0,0,0,0,0,0,0,0,0,0,0,0,0,
0,0,0,0,0,0,0,297,298,299,300,301,302,0,0,0,0,0,0,0,0,0,0,0,0,0,0,0,0,0,0,0,0,0,0,0,0,0,0,0,0,0,
0,0,0,0,0,0,0,366,367,368,369,370,371,0,0,0,0,0,0,0,0,0,0,0,0,0,0,0,0,0,0,0,0,0,0,0,0,0,0,0,0,0,
0,0,0,0,0,0,0,435,436,437,438,439,440,0,0,0,0,0,0,0,0,0,0,0,0,0,0,0,0,0,0,0,0,0,0,0,0,0,0,0,0,0,
0,0,0,0,0,0,0,504,505,506,507,508,509,0,0,0,2824,0,0,0,0,0,0,0,0,0,0,0,0,0,0,0,0,0,0,0,0,0,0,0,0,0,
0,0,0,0,0,0,0,318,319,320,321,322,323,0,0,0,0,0,0,0,0,0,0,2824,0,0,0,0,0,0,0,0,0,0,0,0,0,0,0,0,0,0,
0,0,0,0,0,0,0,387,388,389,390,391,392,0,0,0,2782,0,0,0,0,0,0,0,0,0,0,0,0,0,0,0,0,0,0,0,0,0,0,0,0,0,
0,0,0,0,0,0,0,456,457,458,459,460,461,0,0,0,0,0,0,0,0,0,0,0,0,0,0,0,0,0,0,0,0,0,0,0,0,0,0,0,0,0,
0,0,0,0,0,0,0,525,526,527,528,529,530,0,0,0,0,0,2783,0,0,0,0,0,0,0,0,0,0,0,0,0,0,0,0,0,0,0,0,0,0,0,
0,0,0,0,0,0,0,0,0,0,0,0,0,0,0,0,0,0,0,0,0,0,0,0,0,0,0,0,0,0,0,0,0,0,0,0,0,0,0,0,0,0,
0,0,0,0,0,0,0,0,0,0,0,0,0,0,0,0,0,0,0,0,0,0,0,0,0,0,0,0,0,0,0,0,0,0,0,0,0,0,0,0,0,0,
0,0,0,0,0,0,0,0,0,0,0,0,0,0,0,0,0,0,0,0,0,0,0,0,0,0,0,0,0,0,0,0,0,0,0,0,0,0,0,0,0,0,
0,0,0,0,0,0,0,0,0,0,0,0,0,0,0,0,0,0,0,0,0,0,0,0,0,0,4964,0,0,4925,0,0,4924,0,0,4924,0,0,4924,0,4923,0,
0,0,0,0,0,0,0,0,0,0,0,0,0,0,0,0,0,0,0,0,0,0,0,0,0,0,0,0,0,0,0,0,0,0,0,0,0,0,0,0,0,0,
0,0,0,0,0,0,0,0,0,0,0,0,0,0,0,0,0,0,0,0,0,0,0,0,0,0,0,0,0,4925,0,0,0,0,0,0,0,0,4924,0,4925,0,
0,0,0,0,0,0,0,0,0,0,0,0,0,0,0,0,2824,0,0,0,0,0,0,0,0,0,0,0,0,0,0,0,0,0,0,0,0,0,0,0,0,0,
0,0,0,6491,0,6491,0,0,0,0,0,0,0,0,0,0,0,0,0,0,0,0,0,0,0,0,0,0,0,4924,0,0,0,0,0,0,0,0,4924,0,4923,0,
0,0,0,6525,0,6525,0,0,0,0,0,0,0,0,0,0,0,0,0,0,0,0,0,0,0,0,0,0,0,0,0,0,0,0,0,0,0,0,0,0,0,0,
0,0,0,0,0,0,0,0,0,0,0,0,0,0,0,0,0,0,0,0,0,0,0,0,0,0,0,0,0,4925,0,4924,0,0,0,0,4923,0,4924,0,4924,0,
0,0,0,2819,2820,0,0,0,0,0,0,0,0,0,0,0,0,0,0,0,0,0,0,0,0,0,4964,0,0,0,0,0,0,5582,5583,0,0,0,0,0,0,0,
0,2819,2820,2860,2861,2819,2820,2819,2820,0,0,0,0,0,0,0,0,0,0,0,0,0,0,0,0,0,0,0,0,4924,0,4924,0,0,0,0,4924,0,4924,0,4924,0,
0,0,2819,2820,0,0,0,0,0,0,0,0,0,0,0,0,0,0,0,0,0,0,0,0,0,0,0,1814,1815,1816,1817,1818,1819,1820,1814,1815,1816,1817,1818,1819,1820,0,
0,0,0,0,0,0,0,0,0,0,0,0,2823,0,0,0,0,0,0,0,0,0,0,0,0,0,0,1883,1884,1885,1886,1887,1888,1889,1883,1884,1885,1886,1887,1888,1889,0,
0,0,0,0,0,0,0,0,0,0,0,0,0,0,0,0,0,0,0,0,0,0,0,0,0,0,0,1952,1953,1954,1955,1956,1957,1958,1952,1953,1954,1955,1956,1957,1958,0,
0,0,0,0,0,0,0,0,0,0,0,0,0,0,0,0,0,0,0,0,0,0,0,0,0,0,0,2159,2160,2161,2162,2163,2164,2165,2021,2022,2023,2024,2025,2026,2027,0,
0,4828,4829,0,0,0,0,0,0,0,0,0,0,0,0,0,0,0,0,0,0,0,0,0,0,0,0,2228,2229,2230,2231,2232,2233,2234,2090,2091,2092,2093,2094,2095,2096,0,
0,0,0,0,0,0,0,0,0,0,0,0,0,0,0,0,0,0,0,0,0,2822,0,0,0,0,0,0,0,0,0,0,0,0,0,0,0,0,0,0,0,0,
0,0,4828,4829,5523,5524,5525,5526,0,0,0,0,0,0,0,0,0,0,0,0,0,0,0,0,0,0,0,0,0,0,0,0,0,0,0,0,0,0,0,0,0,0,
0,0,0,0,0,5576,5577,0,0,0,0,0,0,0,0,0,0,0,0,0,0,0,0,0,0,0,0,0,0,0,0,0,0,0,0,0,0,0,0,0,0,0,
0,0,0,0,0,0,0,0,0,0,0,0,0,0,0,0,0,0,0,0,0,0,0,0,0,0,0,0,0,0,0,0,0,0,0,0,0,0,0,0,0,0,
0,0,0,0,0,0,4832,4833,0,0,0,0,4874,4874,3315,0,0,0,0,0,0,0,0,0,0,0,0,0,0,0,0,0,0,0,0,0,0,0,0,0,0,0,
0,0,0,0,0,0,0,0,0,0,0,0,0,0,0,0,0,0,0,3191,3192,0,0,0,0,2782,0,0,0,0,0,0,0,0,0,0,0,0,0,0,0,0,
0,0,0,0,0,0,0,0,0,0,0,0,0,0,0,0,0,0,0,0,0,0,0,0,0,0,0,0,0,0,0,0,0,0,0,0,0,0,0,0,0,0,
0,0,0,0,0,0,0,0,0,0,0,0,0,0,0,0,0,0,0,0,0,0,0,0,0,0,0,0,0,0,0,0,0,0,0,0,0,0,0,0,0,0,
0,5523,5628,5629,5526,0,0,0,0,0,0,0,0,0,0,0,0,0,0,0,0,0,0,0,0,0,0,0,0,0,0,0,0,0,0,0,0,0,0,0,0,0,
0,0,5680,5681,0,0,0,0,0,0,0,0,0,0,2822,0,0,0,0,0,0,0,0,0,0,0,0,4150,4151,4152,4153,4154,4155,0,0,0,0,0,0,0,0,0,
0,0,0,0,0,0,0,0,0,0,0,0,0,0,0,0,0,0,0,0,0,0,0,0,0,0,0,4191,4239,4193,4194,4195,4196,4197,0,0,0,0,0,0,0,0,
0,0,0,0,0,0,0,0,0,0,0,0,0,0,0,0,0,0,0,0,0,0,0,0,0,0,0,4232,4280,4234,4235,4236,4237,4238,0,0,0,0,0,0,0,0,
0,0,0,0,0,5523,5524,5525,5526,0,0,0,0,0,0,0,0,0,0,0,0,0,0,0,0,0,0,4273,4274,4275,4276,4277,4278,4279,3277,0,0,3277,3028,0,0,0,
0,0,4832,4833,0,0,5576,5577,0,0,0,0,0,0,0,0,0,0,0,0,0,0,0,0,0,0,0,4314,4315,4396,4397,4398,4319,4320,0,0,0,0,4821,4815,4818,0,
0,0,0,0,0,0,0,0,0,0,0,0,0,0,0,0,0,0,0,0,0,0,0,0,2822,0,0,4355,4356,4437,4438,4439,4360,4361,0,0,0,0,0,0,0,0,
0,0,0,0,0,0,0,0,0,0,0,0,0,0,0,0,0,0,0,0,0,0,0,0,0,0,0,0,0,0,0,0,0,1602,0,0,0,0,0,0,0,0,
0,0,0,0,0,4832,4833,0,0,0,0,0,0,0,0,0,0,0,0,0,0,0,0,0,0,0,0,0,0,0,0,0,0,0,0,0,0,0,0,0,0,0,
0,0,0,0,0,0,0,0,0,0,0,0,0,0,0,0,0,0,0,0,0,0,0,0,0,0,0,0,0,0,0,0,0,0,0,0,0,0,0,0,0,0,
0,0,0,0,0,0,0,0,0,0,0,0,0,0,0,0,0,0,0,0,0,0,0,0,0,0,0,0,0,0,0,0,0,0,0,0,0,0,0,0,0,0,
0,0,0,0,0,0,0,0,0,0,0,0,0,0,0,0,0,0,0,0,0,0,0,0,0,0,0,0,0,0,0,0,0,0,0,0,0,0,0,0,0,0,
0,0,0,0,0,0,0,0,0,0,0,0,0,0,0,0,3193,3194,0,0,0,0,0,0,0,0,0,0,0,0,0,0,0,0,0,0,0,0,0,0,0,0,
0,0,0,0,0,0,0,0,0,0,0,0,0,0,0,0,0,0,0,3193,3194,0,0,0,0,0,0,0,0,0,0,0,0,0,0,0,0,0,0,0,0,0,
0,0,0,0,0,0,0,0,0,0,0,0,0,0,0,0,0,0,0,0,0,0,0,0,2824,0,0,0,0,0,0,0,0,0,0,0,0,0,0,0,0,0,
0,0,0,0,0,0,0,0,0,0,0,0,0,0,0,0,0,0,0,0,0,0,0,0,0,0,0,0,0,0,0,0,0,0,0,0,0,0,0,0,0,0,
0,0,0,0,0,0,0,0,0,0,0,0,0,0,0,0,0,0,0,0,0,0,0,0,0,0,0,0,4106,4107,4106,0,0,0,0,0,0,0,0,0,0,0,
0,0,0,0,0,0,0,0,0,0,0,0,0,0,0,0,2822,0,0,0,0,0,0,0,0,0,0,0,4107,4107,4107,0,0,0,0,0,0,0,0,0,0,0,
0,0,0,0,0,0,0,0,0,0,0,0,0,0,0,0,0,0,0,0,0,0,0,0,0,0,0,0,4106,4107,4106,4104,4105,0,0,0,0,0,0,0,0,0,
0,0,0,0,0,0,0,0,0,0,0,0,0,0,0,0,0,0,0,0,0,0,0,0,0,0,0,0,4107,4106,4106,0,0,0,0,0,0,0,0,0,0,0,
0,0,0,0,0,0,0,0,0,0,0,0,0,0,0,0,0,0,0,0,0,0,0,0,0,0,0,0,0,0,0,0,0,0,0,0,0,0,0,0,0,0,
0,0,0,0,0,0,0,0,0,0,0,0,0,0,0,0,0,0,0,0,0,0,0,0,0,0,0,0,0,0,0,0,0,0,0,0,0,0,0,0,0,0,
0,0,0,0,0,0,0,0,0,0,0,0,0,0,0,0,0,0,0,0,0,0,0,0,0,0,0,0,0,0,0,0,0,0,0,0,0,0,0,0,0,0,
0,0,0,0,0,0,0,0,0,0,0,0,0,0,0,0,0,0,0,0,0,0,0,0,0,0,0,0,0,0,0,0,0,0,0,0,0,0,0,0,0,0,
0,0,0,0,0,0,0,0,0,0,0,0,0,0,0,0,0,0,0,0,0,0,0,0,0,0,0,0,0,0,0,0,0,0,0,0,0,0,0,0,0,0,
0,0,0,0,0,0,0,0,0,0,0,0,0,0,0,0,0,0,0,0,0,0,0,0,0,0,0,0,0,0,0,0,0,0,0,0,0,0,0,0,0,0,
0,0,0,0,0,0,0,0,0,0,0,0,0,0,0,0,0,0,3203,0,0,0,0,3208,0,0,0,0,0,0,0,0,0,0,0,0,0,0,0,0,0,0

[layer]
type=collision1
data=
7263,7263,7263,7263,7263,7263,7263,7263,7263,7263,7263,7263,7263,7263,7263,7263,7263,7263,7263,7263,7263,7263,7263,7263,7263,7263,7263,7263,7263,7263,7263,7263,7263,7263,7263,7263,7263,7263,7263,7263,7263,7263,
7263,0,0,0,0,0,0,0,0,0,0,0,0,0,0,0,0,7263,0,0,0,0,0,7263,0,0,0,0,0,0,0,0,0,0,0,0,0,0,0,0,0,7263,
7263,0,0,0,0,0,0,0,0,0,0,0,0,0,0,0,0,7263,0,0,0,0,0,7263,0,0,0,0,0,0,0,0,0,0,0,0,0,0,0,0,0,7263,
7263,7263,7263,7263,7263,7263,7263,7263,7263,7263,7263,7263,7263,7263,7263,7263,7263,7263,0,0,0,0,0,7263,7263,7263,7263,7263,7263,7263,7263,7263,7263,7263,7263,7263,7263,7263,7263,7263,7263,7263,
7263,0,0,0,0,0,0,0,0,0,0,0,0,0,0,0,0,0,0,0,0,0,0,0,0,0,0,0,0,0,0,0,0,0,0,0,0,0,0,0,0,7263,
7263,0,0,7263,0,7263,0,0,0,0,0,7263,0,0,0,0,0,0,0,0,0,0,0,0,0,0,0,7263,0,0,0,0,0,0,7263,0,7263,0,7263,0,0,7263,
7263,0,0,0,0,0,0,0,0,7263,0,0,0,7263,0,0,0,0,0,0,0,0,0,0,0,0,0,0,0,0,7263,0,0,0,0,0,0,0,0,0,0,7263,
7263,0,0,0,0,0,0,0,0,0,0,0,0,0,0,0,0,0,0,0,0,0,0,0,0,0,0,0,0,0,0,0,0,0,0,0,0,0,0,0,0,7263,
7263,0,0,0,0,0,0,0,0,0,0,0,0,0,0,0,0,0,0,0,0,0,0,0,0,0,0,0,0,0,0,0,0,0,0,0,0,0,0,0,0,7263,
7263,7263,7263,7263,7263,7263,7263,7263,7263,7263,7263,7263,7263,7263,7263,7263,7263,7263,0,0,0,0,0,7263,7263,7263,7263,7263,7263,7263,7263,7263,7263,7263,7263,7263,7263,7263,7263,7263,7263,7263,
7263,0,0,0,0,0,0,0,0,0,0,0,0,0,0,0,0,7263,0,0,0,0,0,7263,0,0,0,0,0,0,0,0,0,0,0,0,0,0,0,0,0,7263,
7263,0,0,0,0,0,0,0,0,0,0,0,0,0,0,0,0,7263,0,0,0,0,0,7263,0,0,0,0,0,0,0,0,0,0,0,0,0,0,0,0,0,7263,
7263,0,0,0,0,0,0,0,0,0,0,0,0,0,0,0,0,7263,0,0,0,0,0,7263,0,0,0,0,0,0,0,0,0,0,0,0,0,0,0,0,0,7263,
7263,0,0,0,0,0,0,0,0,0,0,0,0,0,0,0,0,7263,0,0,0,0,0,7263,0,0,0,0,0,0,0,0,0,0,0,0,0,0,0,0,0,7263,
7263,7263,7263,7263,7263,7263,7263,7263,7263,7263,7263,7263,7263,7263,7263,7263,7263,7263,0,0,0,0,0,7263,7263,7263,7263,7263,7263,7263,7263,7263,7263,7263,7263,7263,7263,7263,7263,7263,7263,7263,
7263,0,0,0,0,0,0,0,0,0,0,0,0,0,0,0,0,7263,0,0,0,0,0,7263,0,0,0,0,0,0,0,0,0,0,0,0,0,0,0,0,0,7263,
7263,0,0,0,0,0,0,0,0,0,0,0,0,0,0,0,0,7263,0,0,0,0,0,7263,0,0,0,0,0,0,0,0,0,0,0,0,0,0,0,0,0,7263,
7263,0,0,0,0,0,0,0,0,0,0,0,0,0,0,0,0,7263,0,0,0,0,0,7263,0,0,0,0,0,0,0,0,0,0,0,0,0,0,0,0,0,7263,
7263,0,0,0,0,0,0,0,0,0,0,0,0,0,0,0,0,7263,0,0,0,0,0,7263,0,0,0,0,0,0,0,0,0,0,0,0,0,0,0,0,0,7263,
7263,7263,7263,7263,7263,7263,7263,7263,7263,7263,7263,7263,7263,7263,7263,7263,7263,7263,0,0,0,0,0,7263,0,0,0,0,0,0,0,0,0,0,0,0,7263,7263,7263,7263,0,7263,
7263,0,0,0,0,0,7263,0,0,0,0,7263,7263,0,0,0,0,0,0,0,0,0,0,7263,7263,7263,7263,7263,7263,7263,7263,7263,7263,7263,7263,7263,7263,7263,7263,7263,7263,7263,
7263,0,0,0,0,0,7263,0,0,0,0,0,7263,7263,0,0,0,0,0,0,0,0,0,7263,0,0,0,0,0,0,0,0,0,0,0,0,0,0,0,0,0,7263,
7263,0,0,0,0,0,7263,0,0,0,0,0,7263,7263,7263,7263,7263,7263,7263,0,0,0,0,7263,0,0,0,0,0,0,0,0,0,0,0,0,0,0,0,0,0,7263,
7263,0,0,0,0,0,7263,7263,7263,7263,7263,7263,7263,0,0,0,0,0,0,0,0,0,0,7263,0,0,0,0,0,0,0,0,0,0,0,0,0,0,0,0,0,7263,
7263,0,0,0,0,0,0,0,0,0,0,0,7263,0,0,0,0,0,0,0,0,0,0,7263,0,0,0,0,0,0,0,0,0,0,7263,7263,7263,0,0,0,0,7263,
7263,0,0,0,0,0,0,0,0,0,0,0,7263,0,0,0,0,0,0,0,0,0,0,7263,7263,7263,7263,7263,7263,7263,7263,7263,7263,7263,7263,7263,7263,7263,7263,7263,7263,7263,
7263,0,0,0,0,0,0,0,0,0,0,0,7263,0,0,0,7263,0,0,0,0,0,0,0,0,0,0,0,0,0,0,0,0,0,0,0,0,0,0,0,0,7263,
7263,0,0,0,0,0,0,0,0,0,0,0,7263,0,0,0,0,0,0,0,0,0,0,7263,0,0,0,0,0,0,0,0,0,0,0,0,0,0,0,0,0,7263,
7263,7263,7263,7263,7263,7263,7263,7263,0,0,0,0,7263,0,0,0,7263,0,0,0,0,0,0,0,0,0,0,0,0,0,0,0,0,0,0,0,0,0,0,0,0,7263,
7263,0,0,0,0,0,0,7263,0,0,0,0,7263,0,0,0,0,0,0,0,0,0,0,0,7263,7263,7263,7263,7263,7263,7263,7263,7263,7263,7263,7263,7263,7263,7263,7263,7263,7263,
7263,0,0,0,0,0,0,7263,0,0,0,0,7263,0,0,0,0,0,7263,0,0,0,0,0,7263,0,0,0,0,0,0,0,0,0,0,0,0,0,0,0,0,7263,
7263,0,0,0,0,0,0,7263,7263,7263,7263,7263,7263,0,0,0,0,0,0,0,0,0,0,0,7263,0,0,0,0,0,0,0,0,0,0,0,0,0,0,0,0,7263,
7263,0,0,0,0,0,0,0,0,0,0,0,0,0,0,0,0,0,0,0,0,0,0,0,7263,0,0,0,0,0,0,0,0,0,0,0,0,0,0,0,0,7263,
7263,0,0,0,0,0,0,0,0,0,0,0,0,0,0,0,0,0,0,0,0,0,0,0,7263,7263,7263,7263,7263,7263,7263,7263,7263,7263,7263,7263,7263,7263,7263,7263,7263,7263,
7263,7263,7263,7263,7263,7263,7263,7263,7263,7263,7263,0,0,0,0,0,0,0,0,0,0,0,0,0,0,0,7263,0,0,7263,0,0,7263,0,0,7263,0,0,7263,0,7263,7263,
7263,0,0,0,0,0,0,0,0,0,7263,0,0,0,0,0,0,0,0,0,0,0,0,0,0,0,7263,0,0,0,0,0,0,0,0,0,0,0,0,0,0,7263,
7263,0,0,0,0,0,0,0,0,0,7263,0,0,0,0,0,0,0,0,0,0,0,0,0,0,0,7263,0,0,7263,0,0,0,0,0,0,0,0,7263,0,7263,7263,
7263,0,0,0,0,0,0,0,0,0,7263,0,0,0,0,0,7263,0,0,0,0,0,0,0,0,0,7263,0,0,0,0,0,0,0,0,0,0,0,0,0,0,7263,
7263,0,0,0,0,0,0,0,0,0,7263,0,0,0,0,0,0,0,0,0,0,0,0,0,0,0,0,0,0,7263,0,0,0,0,0,0,0,0,7263,0,7263,7263,
7263,0,0,0,0,0,7263,7263,7263,7263,7263,0,0,0,0,0,0,0,0,0,0,0,0,0,0,0,0,0,0,0,0,0,0,0,0,0,0,0,0,0,0,7263,
7263,0,0,0,0,0,7263,0,0,0,0,0,0,0,0,0,0,0,0,0,0,0,0,0,0,0,0,0,0,7263,0,7263,0,0,0,0,7263,0,7263,0,7263,7263,
7263,7263,7263,0,0,0,7263,7263,7263,0,0,0,0,0,0,0,0,0,0,0,0,0,0,0,0,0,7263,0,0,0,0,0,7263,7263,7263,7263,0,0,0,0,0,7263,
7263,7263,7263,7263,7263,7263,7263,7263,7263,0,0,0,0,0,0,0,0,0,0,0,0,0,0,0,0,0,7263,0,0,7263,0,7263,0,0,0,0,7263,0,7263,0,7263,7263,
7263,0,7263,7263,0,0,0,0,0,0,0,0,0,0,0,0,0,0,0,0,0,0,0,0,0,0,7263,7263,7263,7263,7263,7263,7263,7263,7263,7263,7263,7263,7263,7263,7263,7263,
7263,0,0,0,0,0,0,0,0,0,0,0,7263,0,0,0,0,0,0,0,0,0,0,0,0,0,0,7263,0,0,0,0,0,0,0,0,0,0,0,0,0,7263,
7263,0,0,0,0,0,0,0,0,0,0,0,0,0,0,0,0,0,0,0,0,0,0,0,0,0,0,7263,0,0,0,0,0,0,0,0,0,0,0,0,0,7263,
7263,0,0,0,0,0,0,0,0,0,0,0,0,0,0,0,0,0,0,0,0,0,0,0,0,0,0,7263,0,0,0,0,0,0,0,0,0,0,0,0,0,7263,
7263,7263,7263,0,0,0,0,0,0,0,0,0,0,0,0,0,0,0,0,0,0,0,0,0,0,0,0,7263,0,0,0,0,0,0,0,0,0,0,0,0,0,7263,
7263,0,0,0,0,0,0,0,0,0,0,0,0,0,0,0,0,0,0,0,0,7263,0,0,0,0,0,7263,7263,7263,7263,7263,7263,7263,7263,7263,7263,7263,7263,7263,7263,7263,
7263,0,7263,7263,0,0,0,0,0,0,0,0,0,0,0,0,0,0,0,0,0,0,0,0,0,0,0,0,0,0,0,0,0,0,0,0,0,0,0,0,0,7263,
7263,0,0,0,7263,7263,7263,7263,0,0,0,0,7263,7263,7263,0,0,0,0,0,0,0,0,0,0,0,0,0,0,0,0,0,0,0,0,0,0,0,0,0,0,7263,
7263,0,0,0,0,0,0,0,0,0,0,0,7263,7263,7263,0,0,0,0,0,0,0,0,0,0,0,0,0,0,0,0,0,0,0,0,0,0,0,0,0,0,7263,
7263,0,0,0,0,0,7263,7263,0,0,0,0,0,0,0,0,0,0,0,0,0,0,0,0,0,0,0,0,0,0,0,0,0,0,0,0,0,0,0,0,0,7263,
7263,0,0,0,0,0,0,0,0,0,0,0,0,0,0,0,0,0,7263,7263,7263,0,0,0,0,7263,0,7263,7263,7263,7263,7263,7263,7263,7263,7263,7263,7263,7263,7263,7263,7263,
7263,0,0,0,0,0,0,0,0,0,0,0,0,0,0,0,0,0,0,0,0,0,0,0,0,0,0,7263,0,0,0,0,0,0,0,0,0,0,0,0,0,7263,
7263,0,0,0,0,0,0,0,0,0,0,0,0,0,0,0,0,0,0,0,0,0,0,0,0,0,0,7263,0,0,0,0,0,0,0,0,0,0,0,0,0,7263,
7263,0,0,0,0,0,0,0,0,0,0,0,0,0,0,0,0,0,0,0,0,0,0,0,0,0,0,7263,0,0,0,0,0,0,0,0,0,0,0,0,0,7263,
7263,7263,7263,7263,7263,0,0,0,0,0,0,0,0,0,7263,0,0,0,0,0,0,0,0,0,0,0,0,7263,0,0,0,0,0,0,0,0,0,0,0,0,0,7263,
7263,0,0,0,0,0,0,0,0,0,0,0,0,0,0,0,0,0,0,0,0,0,0,0,0,0,0,7263,0,0,0,0,0,0,0,0,0,0,0,0,0,7263,
7263,0,0,0,0,0,0,0,0,0,0,0,0,0,0,0,0,0,0,0,0,0,0,0,0,0,0,7263,0,0,0,0,0,0,7263,7263,7263,7263,0,0,0,7263,
7263,0,0,0,0,0,0,0,0,0,0,0,0,0,0,0,0,0,0,0,0,0,0,0,0,0,0,7263,0,0,0,0,0,7263,7263,0,0,7263,7263,0,0,7263,
7263,0,7263,7263,0,7263,7263,7263,7263,0,0,0,0,0,0,0,0,0,0,0,0,0,0,0,0,0,0,7263,0,0,0,0,0,7263,0,0,0,0,7263,0,0,7263,
7263,0,0,0,0,0,0,0,0,0,0,0,0,0,0,0,0,0,0,0,0,0,0,0,7263,0,0,7263,0,0,0,0,0,7263,0,0,0,0,7263,7263,7263,7263,
7263,0,0,0,0,0,0,0,0,0,0,0,0,0,0,0,0,0,0,0,0,0,0,0,0,0,0,7263,7263,7263,7263,7263,7263,7263,0,0,0,0,0,7263,0,7263,
7263,0,0,0,0,7263,7263,0,0,0,0,0,0,0,0,0,0,0,0,0,0,0,0,0,0,0,0,0,0,0,0,0,0,0,0,0,0,0,0,0,0,7263,
7263,0,0,0,0,0,0,0,0,0,0,0,0,0,0,0,0,0,0,0,0,0,0,0,0,0,0,0,0,0,0,0,0,0,0,0,0,0,0,0,0,7263,
7263,0,0,0,0,0,0,0,0,0,0,0,0,0,0,0,0,0,0,0,0,0,0,0,0,0,0,0,0,0,0,0,0,0,0,0,0,0,0,0,0,7263,
7263,0,0,0,0,0,0,0,0,0,0,0,0,0,0,0,0,0,0,0,0,0,0,0,0,0,0,7263,7263,7263,7263,7263,7263,7263,7263,7263,7263,7263,7263,7263,7263,7263,
7263,0,0,0,0,0,0,0,0,0,0,0,0,0,0,7263,7263,7263,0,0,0,0,0,0,0,0,0,7263,0,0,0,0,0,0,0,0,0,0,0,0,0,7263,
7263,0,0,0,0,0,0,0,0,0,0,0,0,0,0,0,0,0,7263,7263,0,0,0,0,0,0,0,7263,0,0,0,0,0,0,0,0,0,0,0,0,0,7263,
7263,7263,7263,7263,7263,7263,7263,7263,7263,7263,7263,7263,7263,7263,7263,0,0,0,0,0,0,0,0,0,7263,0,0,7263,0,0,0,0,0,0,0,0,0,0,0,0,0,7263,
7263,0,0,0,0,0,0,0,0,0,0,0,0,0,7263,0,0,0,0,0,0,0,0,0,0,0,0,7263,7263,7263,7263,7263,7263,7263,7263,7263,7263,7263,7263,7263,7263,7263,
7263,0,0,0,0,0,0,0,0,0,0,0,0,0,7263,0,0,0,0,0,0,0,0,0,0,0,0,7263,0,0,0,0,0,0,0,0,0,0,0,0,7263,7263,
7263,0,0,0,0,0,0,0,0,0,0,0,0,0,7263,0,7263,0,0,0,0,0,0,0,0,0,0,7263,0,0,0,0,0,0,0,0,0,0,0,0,7263,7263,
7263,7263,7263,7263,7263,7263,7263,7263,7263,7263,7263,7263,7263,7263,7263,0,0,0,0,0,0,0,0,0,0,0,0,7263,0,0,0,0,0,0,0,0,0,0,0,0,7263,7263,
7263,0,0,0,0,0,0,0,0,0,0,0,0,0,0,0,0,0,0,0,0,0,0,0,0,0,0,7263,0,0,0,0,0,0,0,0,0,0,0,0,7263,7263,
7263,0,0,0,0,0,0,0,0,0,0,0,0,0,0,0,0,0,0,0,0,0,0,0,0,0,0,7263,0,0,0,0,0,0,0,0,0,0,0,0,7263,7263,
7263,0,0,0,0,0,0,0,0,0,0,0,0,0,0,0,0,0,0,0,0,0,0,0,0,0,0,0,0,0,0,0,0,0,0,0,0,0,0,0,0,7263,
7263,0,0,0,0,0,0,0,0,0,0,0,0,0,0,0,0,0,0,0,0,0,0,0,0,0,0,0,0,0,0,0,0,0,0,0,0,0,0,0,0,7263,
7263,0,0,0,0,0,0,0,0,0,0,0,0,0,0,0,0,0,0,0,0,0,0,0,0,0,0,0,0,0,0,0,0,0,0,0,0,0,0,0,0,7263,
7263,0,0,0,0,0,0,0,0,0,0,0,0,0,0,0,0,0,0,0,0,0,0,0,0,0,0,0,0,0,0,0,0,0,0,0,0,0,0,0,0,7263,
7263,7263,7263,7263,7263,7263,7263,7263,7263,7263,7263,7263,7263,7263,7263,7263,7263,7263,7263,7263,7263,7263,7263,7263,7263,7263,7263,7263,7263,7263,7263,7263,7263,7263,7263,7263,7263,7263,7263,7263,7263,7263

[layer]
type=event
data=
-42,-42,-42,-42,-42,-42,-42,-42,-42,-42,-42,-42,-42,-42,-42,-42,-42,-42,70,70,70,70,-42,-42,-42,-42,-42,-42,-42,-42,-42,-42,-42,-42,-42,-42,-42,-42,-42,-42,-42,-42,
-42,-42,-42,-42,-42,-42,-42,-42,-42,-42,-42,-42,-42,-42,-42,-42,-42,-42,-42,-42,-42,-42,-42,-42,-42,-42,-42,-42,-42,-42,-42,-42,-42,-42,-42,-42,-42,-42,-42,-42,-42,-42,
-42,-42,-42,-42,-42,-42,-42,-42,-42,-42,-42,-42,-42,-42,-42,-42,-42,-42,-42,-42,-42,-42,-42,-42,-42,-42,-42,-42,-42,-42,-42,-42,-42,-42,-42,-42,-42,-42,-42,-42,-42,-42,
-42,-42,-42,-42,-42,-42,-42,-42,-42,-42,-42,-42,-42,-42,-42,-42,-42,-42,-42,-42,-42,-42,-42,-42,-42,-42,-42,-42,-42,-42,-42,-42,-42,-42,-42,-42,-42,-42,-42,-42,-42,-42,
-42,-42,-42,-42,-42,-42,-42,-42,-42,-42,-42,-42,-42,-42,-42,-42,-42,-42,-42,-42,-42,-42,-42,-42,-42,-42,-42,-42,-42,-42,-42,-42,-42,-42,-42,-42,-42,-42,-42,-42,-42,-42,
-42,-42,-42,-42,-42,-42,-42,-42,-42,-42,-42,-42,-42,-42,-42,-42,-42,-42,-42,-42,-42,-42,-42,-42,-42,-42,-42,-42,-42,-42,-42,-42,-42,-42,-42,-42,-42,-42,-42,-42,-42,-42,
-42,-42,-42,-42,-42,-42,-42,-42,-42,-42,-42,-42,-42,-42,-42,-42,-42,-42,-42,-42,-42,-42,-42,-42,-42,-42,-42,-42,-42,-42,-42,-42,-42,-42,-42,-42,-42,-42,-42,-42,-42,-42,
-42,-42,-42,-42,-42,-42,-42,-42,-42,-42,-42,-42,-42,-42,-42,-42,-42,-42,-42,-42,-42,-42,-42,-42,-42,-42,-42,-42,-42,-42,-42,-42,-42,-42,-42,-42,-42,-42,-42,-42,-42,-42,
-42,-42,-42,-42,-42,-42,-42,-42,-42,-42,-42,-42,-42,-42,-42,-42,-42,-42,-42,-42,-42,-42,-42,-42,-42,-42,-42,-42,-42,-42,-42,-42,-42,-42,-42,-42,-42,-42,-42,-42,-42,-42,
-42,-42,-42,-42,-42,-42,-42,-42,-42,-42,-42,-42,-42,-42,-42,-42,-42,-42,-42,-42,-42,-42,-42,-42,-42,-42,-42,-42,-42,-42,-42,-42,-42,-42,-42,-42,-42,-42,-42,-42,-42,-42,
-42,-42,-42,-42,-42,-42,-42,-42,-42,-42,-42,-42,-42,-42,-42,-42,-42,-42,-42,-42,-42,-42,-42,-42,-42,-42,-42,-42,-42,-42,-42,-42,-42,-42,-42,-42,-42,-42,-42,-42,-42,-42,
-42,-42,-42,-42,-42,-42,-42,-42,-42,-42,-42,-42,-42,-42,-42,-42,-42,-42,-42,-42,-42,-42,-42,-42,-42,-42,-42,-42,-42,-42,-42,-42,-42,-42,-42,-42,-42,-42,-42,-42,-42,-42,
-42,-42,-42,-42,-42,-42,-42,-42,-42,-42,-42,-42,-42,-42,-42,-42,-42,-42,-42,-42,-42,-42,-42,-42,-42,-42,-42,-42,-42,-42,-42,-42,-42,-42,-42,-42,-42,-42,-42,-42,-42,-42,
-42,-42,-42,-42,-42,-42,-42,-42,-42,-42,-42,-42,-42,-42,-42,-42,-42,-42,-42,-42,-42,-42,-42,-42,-42,-42,-42,-42,-42,-42,-42,-42,-42,-42,-42,-42,-42,-42,-42,-42,-42,-42,
-42,-42,-42,-42,-42,-42,-42,-42,-42,-42,-42,-42,-42,-42,-42,-42,-42,-42,-42,-42,-42,-42,-42,-42,-42,-42,-42,-42,-42,-42,-42,-42,-42,-42,-42,-42,-42,-42,-42,-42,-42,-42,
-42,-42,-42,-42,-42,-42,-42,-42,-42,-42,-42,-42,-42,-42,-42,-42,-42,-42,-42,-42,-42,-42,-42,-42,-42,-42,-42,-42,-42,-42,-42,-42,-42,-42,-42,-42,-42,-42,-42,-42,-42,-42,
-42,-42,-42,-42,-42,-42,-42,-42,-42,-42,-42,-42,-42,-42,-42,-42,-42,-42,-42,-42,-42,-42,-42,-42,-42,-42,-42,-42,-42,-42,-42,-42,-42,-42,-42,-42,-42,-42,-42,-42,-42,-42,
-42,-42,-42,-42,-42,-42,-42,-42,-42,-42,-42,-42,-42,-42,-42,-42,-42,-42,-42,-42,-42,-42,-42,-42,-42,-42,-42,-42,-42,-42,-42,-42,-42,-42,-42,-42,-42,-42,-42,-42,-42,-42,
-42,-42,-42,-42,-42,-42,-42,-42,-42,-42,-42,-42,-42,-42,-42,-42,-42,-42,-42,-42,-42,-42,-42,-42,-42,-42,-42,-42,-42,-42,-42,-42,-42,-42,-42,-42,-42,-42,-42,-42,-42,-42,
-42,-42,-42,-42,-42,-42,-42,-42,-42,-42,-42,-42,-42,-42,-42,-42,-42,-42,-42,-42,-42,-42,-42,-42,-42,-42,-42,-42,-42,-42,-42,-42,-42,-42,-42,-42,-42,-42,-42,-42,-42,-42,
-42,-42,-42,-42,-42,-42,-42,-42,-42,-42,-42,-42,-42,-42,-42,-42,-42,-42,-42,-42,-42,-42,-42,-42,-42,-42,-42,-42,-42,-42,-42,-42,-42,-42,-42,-42,-42,-42,-42,-42,-42,-42,
-42,-42,-42,-42,-42,-42,-42,-42,-42,-42,-42,-42,-42,-42,-42,-42,-42,-42,-42,-42,-42,-42,-42,-42,-42,-42,-42,-42,-42,-42,-42,-42,-42,-42,-42,-42,-42,-42,-42,-42,-42,-42,
-42,-42,-42,-42,-42,-42,-42,-42,-42,-42,-42,-42,-42,-42,-42,-42,-42,-42,-42,-42,-42,-42,-42,-42,-42,-42,-42,-42,-42,-42,-42,-42,-42,-42,-42,-42,-42,-42,-42,-42,-42,-42,
-42,-42,-42,-42,-42,-42,-42,-42,-42,-42,-42,-42,-42,-42,-42,-42,-42,-42,-42,-42,-42,-42,-42,-42,-42,-42,-42,-42,-42,-42,-42,-42,-42,-42,-42,-42,-42,-42,-42,-42,-42,-42,
-42,-42,-42,-42,-42,-42,-42,-42,-42,-42,-42,-42,-42,-42,-42,-42,-42,-42,-42,-42,-42,-42,-42,-42,-42,-42,-42,-42,-42,-42,-42,-42,-42,-42,-42,-42,-42,-42,-42,-42,-42,-42,
-42,-42,-42,-42,-42,-42,-42,-42,-42,-42,-42,-42,-42,-42,-42,-42,-42,-42,-42,-42,-42,-42,-42,-42,-42,-42,-42,-42,-42,-42,-42,-42,-42,-42,-42,-42,-42,-42,-42,-42,-42,-42,
-42,-42,-42,-42,-42,-42,-42,-42,-42,-42,-42,-42,-42,-42,-42,-42,-42,-42,-42,-42,-42,-42,-42,-42,-42,-42,-42,-42,-42,-42,-42,-42,-42,-42,-42,-42,-42,-42,-42,-42,-42,-42,
-42,-42,-42,-42,-42,-42,-42,-42,-42,-42,-42,-42,-42,-42,-42,-42,-42,-42,-42,-42,-42,-42,-42,-42,-42,-42,-42,-42,-42,-42,-42,-42,-42,-42,-42,-42,-42,-42,-42,-42,-42,-42,
-42,-42,-42,-42,-42,-42,-42,-42,-42,-42,-42,-42,-42,-42,-42,-42,-42,-42,-42,-42,-42,-42,-42,-42,-42,-42,-42,-42,-42,-42,-42,-42,-42,-42,-42,-42,-42,-42,-42,-42,-42,-42,
-42,-42,-42,-42,-42,-42,-42,-42,-42,-42,-42,-42,-42,-42,-42,-42,-42,-42,-42,-42,-42,-42,-42,-42,-42,-42,-42,-42,-42,-42,-42,-42,-42,-42,-42,-42,-42,-42,-42,-42,-42,-42,
-42,-42,-42,-42,-42,-42,-42,-42,-42,-42,-42,-42,-42,-42,-42,-42,-42,-42,-42,-42,-42,-42,-42,-42,-42,-42,-42,-42,-42,-42,-42,-42,-42,-42,-42,-42,-42,-42,-42,-42,-42,-42,
-42,-42,-42,-42,-42,-42,-42,-42,-42,-42,-42,-42,-42,-42,-42,-42,-42,-42,-42,-42,-42,-42,-42,-42,-42,-42,-42,-42,-42,-42,-42,-42,-42,-42,-42,-42,-42,-42,-42,-42,-42,-42,
-42,-42,-42,-42,-42,-42,-42,-42,-42,-42,-42,-42,-42,-42,-42,-42,-42,-42,-42,-42,-42,-42,-42,-42,-42,-42,-42,-42,-42,-42,-42,-42,-42,-42,-42,-42,-42,-42,-42,-42,-42,-42,
-42,-42,-42,-42,-42,-42,-42,-42,-42,-42,-42,-42,-42,-42,-42,-42,-42,-42,-42,-42,-42,-42,-42,-42,-42,-42,-42,-42,-42,-42,-42,-42,-42,-42,-42,-42,-42,-42,-42,-42,-42,-42,
-42,-42,-42,-42,-42,-42,-42,-42,-42,-42,-42,-42,-42,-42,-42,-42,-42,-42,-42,-42,-42,-42,-42,-42,-42,-42,-42,-42,-42,-42,-42,-42,-42,-42,-42,-42,-42,-42,-42,-42,-42,-42,
-42,-42,-42,-42,-42,-42,-42,-42,-42,-42,-42,-42,-42,-42,-42,-42,-42,-42,-42,-42,-42,-42,-42,-42,-42,-42,-42,-42,-42,-42,-42,-42,-42,-42,-42,-42,-42,-42,-42,-42,-42,-42,
-42,-42,-42,-42,-42,-42,-42,-42,-42,-42,-42,-42,-42,-42,-42,-42,-42,-42,-42,-42,-42,-42,-42,-42,-42,-42,-42,-42,-42,-42,-42,-42,-42,-42,-42,-42,-42,-42,-42,-42,-42,-42,
-42,-42,-42,-42,-42,-42,-42,-42,-42,-42,-42,-42,-42,-42,-42,-42,-42,-42,-42,-42,-42,-42,-42,-42,-42,-42,-42,-42,-42,-42,-42,-42,-42,-42,-42,-42,-42,-42,-42,-42,-42,-42,
-42,-42,-42,-42,-42,-42,-42,-42,-42,-42,-42,-42,-42,-42,-42,-42,-42,-42,-42,-42,-42,-42,-42,-42,-42,-42,-42,-42,-42,-42,-42,-42,-42,-42,-42,-42,-42,-42,-42,-42,-42,-42,
-42,-42,-42,-42,-42,-42,-42,-42,-42,-42,-42,-42,-42,-42,-42,-42,-42,-42,-42,-42,-42,-42,-42,-42,-42,-42,-42,-42,-42,-42,-42,-42,-42,-42,-42,-42,-42,-42,-42,-42,-42,-42,
-42,-42,-42,-42,-42,-42,-42,-42,-42,-42,-42,-42,-42,-42,-42,-42,-42,-42,-42,-42,-42,-42,-42,-42,-42,-42,-42,-42,-42,-42,-42,-42,-42,-42,-42,-42,-42,-42,-42,-42,-42,-42,
-42,-42,-42,-42,-42,-42,-42,-42,-42,-42,-42,-42,-42,-42,-42,-42,-42,-42,-42,-42,-42,-42,-42,-42,-42,-42,-42,-42,-42,-42,-42,-42,-42,-42,-42,-42,-42,-42,-42,-42,-42,-42,
-42,-42,-42,-42,-42,-42,-42,-42,-42,-42,-42,-42,-42,-42,-42,-42,-42,-42,-42,-42,-42,-42,-42,-42,-42,-42,-42,-42,-42,-42,-42,-42,-42,-42,-42,-42,-42,-42,-42,-42,-42,-42,
-42,-42,-42,-42,-42,-42,-42,-42,-42,-42,-42,-42,-42,-42,-42,-42,-42,-42,-42,-42,-42,-42,-42,-42,-42,-42,-42,-42,-42,-42,-42,-42,-42,-42,-42,-42,-42,-42,-42,-42,-42,-42,
-42,-42,-42,-42,-42,-42,-42,-42,-42,-42,-42,-42,-42,-42,-42,-42,-42,-42,-42,-42,-42,-42,-42,-42,-42,-42,-42,-42,-42,-42,-42,-42,-42,-42,-42,-42,-42,-42,-42,-42,-42,-42,
-42,-42,-42,-42,-42,-42,-42,-42,-42,-42,-42,-42,-42,-42,-42,-42,-42,-42,-42,-42,-42,-42,-42,-42,-42,-42,-42,-42,-42,-42,-42,-42,-42,-42,-42,-42,-42,-42,-42,-42,-42,-42,
-42,-42,-42,-42,-42,-42,-42,-42,-42,-42,-42,-42,-42,-42,-42,-42,-42,-42,-42,-42,-42,-42,-42,-42,-42,-42,-42,-42,-42,-42,-42,-42,-42,-42,-42,-42,-42,-42,-42,-42,-42,-42,
-42,-42,-42,-42,-42,-42,-42,-42,-42,-42,-42,-42,-42,-42,-42,-42,-42,-42,-42,-42,-42,-42,-42,-42,-42,-42,-42,-42,-42,-42,-42,-42,-42,-42,-42,-42,-42,-42,-42,-42,-42,-42,
-42,-42,-42,-42,-42,-42,-42,-42,-42,-42,-42,-42,-42,-42,-42,-42,-42,-42,-42,-42,-42,-42,-42,-42,-42,-42,-42,-42,-42,-42,-42,-42,-42,-42,-42,-42,-42,-42,-42,-42,-42,-42,
-42,-42,-42,-42,-42,-42,-42,-42,-42,-42,-42,-42,-42,-42,-42,-42,-42,-42,-42,-42,-42,-42,-42,-42,-42,-42,-42,-42,-42,-42,-42,-42,-42,-42,-42,-42,-42,-42,-42,-42,-42,-42,
-42,-42,-42,-42,-42,-42,-42,-42,-42,-42,-42,-42,-42,-42,-42,-42,-42,-42,-42,-42,-42,-42,-42,-42,-42,-42,-42,-42,-42,-42,-42,-42,-42,-42,-42,-42,-42,-42,-42,-42,-42,-42,
-42,-42,-42,-42,-42,-42,-42,-42,-42,-42,-42,-42,-42,-42,-42,-42,-42,-42,-42,-42,-42,-42,-42,-42,-42,-42,-42,-42,-42,-42,-42,-42,-42,-42,-42,-42,-42,-42,-42,-42,-42,-42,
-42,-42,-42,-42,-42,-42,-42,-42,-42,-42,-42,-42,-42,-42,-42,-42,-42,-42,-42,-42,-42,-42,-42,-42,-42,-42,-42,-42,-42,-42,-42,-42,-42,-42,-42,-42,-42,-42,-42,-42,-42,-42,
-42,-42,-42,-42,-42,-42,-42,-42,-42,-42,-42,-42,-42,-42,-42,-42,-42,-42,-42,-42,-42,-42,-42,-42,-42,-42,-42,-42,-42,-42,-42,-42,-42,-42,-42,-42,-42,-42,-42,-42,-42,-42,
-42,-42,-42,-42,-42,-42,-42,-42,-42,-42,-42,-42,-42,-42,-42,-42,-42,-42,-42,-42,-42,-42,-42,-42,-42,-42,-42,-42,-42,-42,-42,-42,-42,-42,-42,-42,-42,-42,-42,-42,-42,-42,
-42,-42,-42,-42,-42,-42,-42,-42,-42,-42,-42,-42,-42,-42,-42,-42,-42,-42,-42,-42,-42,-42,-42,-42,-42,-42,-42,-42,-42,-42,-42,-42,-42,-42,-42,-42,-42,-42,-42,-42,-42,-42,
-42,-42,-42,-42,-42,-42,-42,-42,-42,-42,-42,-42,-42,-42,-42,-42,-42,-42,-42,-42,-42,-42,-42,-42,-42,-42,-42,-42,-42,-42,-42,-42,-42,-42,-42,-42,-42,-42,-42,-42,-42,-42,
-42,-42,-42,-42,-42,-42,-42,-42,-42,-42,-42,-42,-42,-42,-42,-42,-42,-42,-42,-42,-42,-42,-42,-42,-42,-42,-42,-42,-42,-42,-42,-42,-42,-42,-42,-42,-42,-42,-42,-42,-42,-42,
-42,-42,-42,-42,-42,-42,-42,-42,-42,-42,-42,-42,-42,-42,-42,-42,-42,-42,-42,-42,-42,-42,-42,-42,-42,-42,-42,-42,-42,-42,-42,-42,-42,-42,-42,-42,-42,-42,-42,-42,-42,-42,
-42,-42,-42,-42,-42,-42,-42,-42,-42,-42,-42,-42,-42,-42,-42,-42,-42,-42,-42,-42,-42,-42,-42,-42,-42,-42,-42,-42,-42,-42,-42,-42,-42,-42,-42,-42,-42,-42,-42,-42,-42,-42,
-42,-42,-42,-42,-42,-42,-42,-42,-42,-42,-42,-42,-42,-42,-42,-42,-42,-42,-42,-42,-42,-42,-42,-42,-42,-42,-42,-42,-42,-42,-42,-42,-42,-42,-42,-42,-42,-42,-42,-42,-42,-42,
-42,-42,-42,-42,-42,-42,-42,-42,-42,-42,-42,-42,-42,-42,-42,-42,-42,-42,-42,-42,-42,-42,-42,-42,-42,-42,-42,-42,-42,-42,-42,-42,-42,-42,-42,-42,-42,-42,-42,-42,-42,-42,
-42,-42,-42,-42,-42,-42,-42,-42,-42,-42,-42,-42,-42,-42,-42,-42,-42,-42,-42,-42,-42,-42,-42,-42,-42,-42,-42,-42,-42,-42,-42,-42,-42,-42,-42,-42,-42,-42,-42,-42,-42,-42,
-42,-42,-42,-42,-42,-42,-42,-42,-42,-42,-42,-42,-42,-42,-42,-42,-42,-42,-42,-42,-42,-42,-42,-42,-42,-42,-42,-42,-42,-42,-42,-42,-42,-42,-42,-42,-42,-42,-42,-42,-42,-42,
-42,-42,-42,-42,-42,-42,-42,-42,-42,-42,-42,-42,-42,-42,-42,-42,-42,-42,-42,-42,-42,-42,-42,-42,-42,-42,-42,-42,-42,-42,-42,-42,-42,-42,-42,-42,-42,-42,-42,-42,-42,-42,
-42,-42,-42,-42,-42,-42,-42,-42,-42,-42,-42,-42,-42,-42,-42,-42,-42,-42,-42,-42,-42,-42,-42,-42,-42,-42,-42,-42,-42,-42,-42,-42,-42,-42,-42,-42,-42,-42,-42,-42,-42,-42,
-42,-42,-42,-42,-42,-42,-42,-42,-42,-42,-42,-42,-42,-42,-42,-42,-42,-42,-42,-42,-42,-42,-42,-42,-42,-42,-42,-42,-42,-42,-42,-42,-42,-42,-42,-42,-42,-42,-42,-42,-42,-42,
-42,-42,-42,-42,-42,-42,-42,-42,-42,-42,-42,-42,-42,-42,-42,-42,-42,-42,-42,-42,-42,-42,-42,-42,-42,-42,-42,-42,-42,-42,-42,-42,-42,-42,-42,-42,-42,-42,-42,-42,-42,-42,
-42,-42,-42,-42,-42,-42,-42,-42,-42,-42,-42,-42,-42,-42,-42,-42,-42,-42,-42,-42,-42,-42,-42,-42,-42,-42,-42,-42,-42,-42,-42,-42,-42,-42,-42,-42,-42,-42,-42,-42,-42,-42,
-42,-42,-42,-42,-42,-42,-42,-42,-42,-42,-42,-42,-42,-42,-42,-42,-42,-42,-42,-42,-42,-42,-42,-42,-42,-42,-42,-42,-42,-42,-42,-42,-42,-42,-42,-42,-42,-42,-42,-42,-42,-42,
-42,-42,-42,-42,-42,-42,-42,-42,-42,-42,-42,-42,-42,-42,-42,-42,-42,-42,-42,-42,-42,-42,-42,-42,-42,-42,-42,-42,-42,-42,-42,-42,-42,-42,-42,-42,-42,-42,-42,-42,-42,-42,
-42,-42,-42,-42,-42,-42,-42,-42,-42,-42,-42,-42,-42,-42,-42,-42,-42,-42,-42,-42,-42,-42,-42,-42,-42,-42,-42,-42,-42,-42,-42,-42,-42,-42,-42,-42,-42,-42,-42,-42,-42,-42,
-42,-42,-42,-42,-42,-42,-42,-42,-42,-42,-42,-42,-42,-42,-42,-42,-42,-42,-42,-42,-42,-42,-42,-42,-42,-42,-42,-42,-42,-42,-42,-42,-42,-42,-42,-42,-42,-42,-42,-42,-42,-42,
-42,-42,-42,-42,-42,-42,-42,-42,-42,-42,-42,-42,-42,-42,-42,-42,-42,-42,-42,-42,-42,-42,-42,-42,-42,-42,-42,-42,-42,-42,-42,-42,-42,-42,-42,-42,-42,-42,-42,-42,-42,-42,
-42,-42,-42,-42,-42,-42,-42,-42,-42,-42,-42,-42,-42,-42,-42,-42,-42,-42,-42,-42,-42,-42,-42,-42,-42,-42,-42,-42,-42,-42,-42,-42,-42,-42,-42,-42,-42,-42,-42,-42,-42,-42,
-42,-42,-42,-42,-42,-42,-42,-42,-42,-42,-42,-42,-42,-42,-42,-42,-42,-42,-42,-42,-42,-42,-42,-42,-42,-42,-42,-42,-42,-42,-42,-42,-42,-42,-42,-42,-42,-42,-42,-42,-42,-42,
-42,-42,-42,-42,-42,-42,-42,-42,-42,-42,-42,-42,-42,-42,-42,-42,-42,-42,-42,-42,-42,-42,-42,-42,-42,-42,-42,-42,-42,-42,-42,-42,-42,-42,-42,-42,-42,-42,-42,-42,-42,-42,
-42,-42,-42,-42,-42,-42,-42,-42,-42,-42,-42,-42,-42,-42,-42,-42,-42,-42,-42,-42,-42,-42,-42,-42,-42,-42,-42,-42,-42,-42,-42,-42,-42,-42,-42,-42,-42,-42,-42,-42,-42,-42,
-42,-42,-42,-42,-42,-42,-42,-42,-42,-42,-42,-42,-42,-42,-42,-42,-42,-42,-42,-42,-42,-42,-42,-42,-42,-42,-42,-42,-42,-42,-42,-42,-42,-42,-42,-42,-42,-42,-42,-42,-42,-42,
-42,-42,-42,-42,-42,-42,-42,-42,-42,-42,-42,-42,-42,-42,-42,-42,-42,-42,-42,-42,-42,-42,-42,-42,-42,-42,-42,-42,-42,-42,-42,-42,-42,-42,-42,-42,-42,-42,-42,-42,-42,-42,
-42,-42,-42,-42,-42,-42,-42,-42,-42,-42,-42,-42,-42,-42,-42,-42,-42,-42,-42,-42,-42,-42,-42,-42,-42,-42,-42,-42,-42,-42,-42,-42,-42,-42,-42,-42,-42,-42,-42,-42,-42,
-42,-42,-42,-42,-42,-42,-42,-42,-42,-42,-42,-42,-42,-42,-42,-42,-42,41,41,41,41,41,41,41,-42,-42,-42,-42,-42,-42,-42,-42,-42,-42,-42,-42,-42,-42,-42,-42,-42,-42

