[header]
width=32
height=24
tilewidth=16
tileheight=16
orientation=orthogonal

[tilesets]
tileset=tileset/cave_tileset.png
tileset=tileset/cave2_tileset.png
tileset=tileset/water.png
tileset=tileset/collision.png
tileset=tileset/dungeon.png

[layer]
type=sol
data=
3190,3190,3190,3190,3190,3190,3190,3190,3190,3190,3190,3190,3190,3190,3190,3190,3190,3190,3190,3190,3190,3190,3190,3190,3190,3190,3190,3190,3190,3190,3190,3190,
3723,3777,3774,3774,3774,3774,3774,3774,3774,3774,3774,3774,3774,3774,3774,3774,3774,3774,3774,3774,3774,3774,3774,3774,3774,3774,3774,3774,3774,3774,3776,3723,
3723,3724,66,66,66,66,66,66,66,66,66,66,60,74,74,74,74,74,74,61,66,66,66,66,66,66,66,66,66,66,3722,3723,
3723,3724,74,74,74,74,74,74,74,74,74,74,41,4031,37,4029,29,4028,4026,49,74,74,74,74,74,74,74,74,74,74,3722,3723,
3723,3724,4029,4029,4029,4030,4029,4029,4029,4029,4029,29,41,4028,4027,4028,4029,29,51,59,29,30,27,29,4029,4026,4030,4029,4029,4030,3722,3723,
3723,3724,1478,1479,37,4030,4029,4030,4032,4026,4029,29,57,50,4027,4029,4026,51,59,67,30,30,30,4026,4030,29,29,4077,4029,4029,3722,3723,
3723,3724,1529,1530,30,4026,26,4030,4029,4029,4030,29,65,57,62,63,64,59,67,75,4026,4026,4030,4026,30,4026,4026,4030,4029,30,3722,3723,
3723,3724,1580,1581,30,4029,4029,4029,4026,4026,4026,30,73,65,70,71,72,67,75,29,29,30,29,4079,4030,29,30,31,29,29,3722,3723,
3723,3724,4026,4030,4026,4029,4026,4029,4031,4030,4030,29,30,73,78,79,80,75,30,30,30,4026,4026,4029,30,3190,3190,29,29,29,3722,3723,
3723,3726,30,30,29,30,4026,4026,4030,4030,4030,4029,30,30,30,29,30,30,29,29,4029,4030,4030,29,29,30,30,29,30,30,3722,3723,
3723,3723,3723,3724,30,29,4029,4029,4026,4026,4026,4026,4026,4029,30,30,30,29,4030,4030,4026,4030,29,29,29,30,25,1477,1478,1478,3722,3723,
3723,3723,3723,3724,30,30,4029,4030,4030,4029,4029,30,4026,4029,29,30,30,29,4026,30,4026,4030,30,29,30,30,1477,1376,1529,1529,3722,3723,
3723,3723,3777,54,30,30,4026,4030,4029,4026,4030,4026,29,4026,4026,25,30,29,4030,4029,4030,32,1477,1478,1478,1478,1376,1529,1529,1529,3722,3723,
3723,3777,54,67,30,29,4081,4029,4077,4029,4029,4029,4029,4026,4026,4029,4028,4029,4025,4030,29,1477,1376,1529,1529,1529,1529,1529,1529,1529,3722,3723,
3723,3724,67,75,29,29,4029,4029,4025,4030,4030,4030,4029,4030,4026,4030,4026,4029,4029,30,30,1579,1427,1529,1529,1529,1529,1529,1529,1529,3722,3723,
3723,3724,75,30,30,4029,4029,4030,30,4029,4030,4030,4029,4025,30,4030,4026,29,4029,29,30,4026,1528,1529,1529,1529,1529,1529,1529,1529,3722,3723,
3723,3724,30,30,30,4029,4026,4026,4026,4026,4026,4026,4029,4029,4026,4029,4026,4026,4030,29,29,4026,1579,1586,1580,1580,1580,1580,1580,1580,3722,3723,
3723,3724,4030,4030,4030,29,4030,4029,4026,4026,4029,4030,4029,4030,4030,4026,4029,4079,4026,29,4029,4026,4030,30,33,33,29,29,30,30,3722,3723,
3723,3724,4030,31,30,30,30,30,29,29,29,4030,4026,4028,4026,4030,29,30,4029,4026,4030,4026,4082,4029,4030,4029,4030,4030,4029,30,3722,3723,
3723,3724,4030,4026,30,29,4032,4030,4029,4029,4030,4029,4030,4030,4029,4026,4026,4026,4029,4026,4029,4026,4029,4030,4029,4026,4029,4078,4026,29,3722,3723,
3723,3726,4029,4026,30,4026,4030,4030,29,30,29,4081,4029,4030,4026,4029,4026,4030,4029,4030,4026,4029,4030,4029,4026,4026,4030,29,29,29,3722,3723,
3723,3723,3726,30,4030,4029,4030,4030,4029,4029,4026,4029,4029,4030,4029,4029,4026,4026,30,4029,4026,4026,4030,4026,4030,4026,4029,4030,29,30,3725,3723,
3723,3723,3723,3723,3726,3672,3672,3672,3672,3672,3672,3672,3672,29,29,29,29,29,29,3672,3672,3672,3672,3672,3672,3672,3672,3672,3672,47,3723,3723,
3190,3190,3190,3190,3190,3190,3190,3190,3190,3190,3190,3190,3190,3190,3190,3190,3190,3190,3190,3190,3190,3190,3190,3190,3190,3190,3190,3190,3190,3190,3190,3190

[layer]
type=sol2
data=
0,0,0,0,0,0,0,0,0,0,0,0,0,0,0,0,0,0,0,0,0,0,0,0,0,0,0,0,0,0,0,0,
0,0,0,0,0,0,0,0,0,0,0,0,0,0,0,0,0,0,0,0,0,0,0,0,0,0,0,0,0,0,0,0,
0,0,0,0,0,0,0,0,0,0,0,0,0,0,0,0,0,0,0,0,0,0,0,0,0,0,0,0,0,0,0,0,
0,46,0,0,0,0,0,0,0,0,0,0,0,0,0,0,0,0,0,0,0,0,0,0,0,0,0,0,0,0,0,0,
0,46,0,0,0,0,0,0,0,0,0,0,0,0,0,0,0,0,0,0,0,0,0,0,0,0,0,0,0,0,0,0,
0,46,0,0,0,0,0,209,0,0,0,0,0,0,0,0,0,0,0,0,0,0,0,0,0,0,0,0,0,0,0,0,
0,46,0,0,0,0,0,0,0,0,0,0,0,0,0,0,0,0,0,0,0,0,0,0,0,0,0,0,0,0,0,0,
0,46,0,0,0,0,0,0,0,0,0,0,0,0,0,0,0,0,0,0,0,0,0,0,0,0,0,0,0,0,0,0,
0,46,0,0,0,0,0,0,0,0,0,0,0,0,0,0,0,0,0,0,0,0,0,0,0,0,0,0,0,0,0,0,
0,48,0,0,0,0,0,0,0,0,0,0,0,0,0,0,0,0,0,0,0,0,0,0,0,0,0,0,0,0,0,0,
0,0,0,46,0,0,0,0,0,0,0,0,0,0,0,0,0,0,0,0,0,0,0,0,0,0,0,0,0,0,0,0,
0,0,0,46,0,0,0,0,0,0,0,0,0,0,0,0,0,0,0,0,0,0,0,0,0,0,0,0,0,0,0,0,
0,0,0,54,0,0,0,0,0,0,0,0,0,0,0,0,0,0,0,0,0,0,0,0,0,0,0,0,0,0,0,0,
0,0,0,0,0,0,0,0,0,0,0,0,0,0,0,0,0,0,0,0,0,0,0,0,0,0,0,0,0,0,0,0,
0,0,0,0,0,0,0,0,0,0,0,0,0,0,0,0,0,0,0,0,0,0,0,0,0,0,0,0,0,0,0,0,
0,0,0,0,0,0,0,0,0,0,0,0,0,0,0,0,0,0,0,0,0,0,0,0,0,0,0,0,0,0,0,0,
0,0,0,0,0,0,0,0,0,0,0,0,0,0,0,0,0,0,0,0,0,0,0,0,0,0,0,0,0,0,0,0,
0,0,0,0,0,0,0,0,0,0,0,0,0,0,0,0,0,0,0,0,0,0,0,0,0,0,0,0,0,0,0,0,
0,0,0,0,0,0,0,0,0,0,0,0,0,0,0,0,0,0,0,0,0,0,0,0,0,0,0,0,0,0,0,0,
0,0,0,0,0,0,0,0,0,0,0,0,0,0,0,0,0,0,0,0,0,0,0,0,0,0,0,0,0,0,0,0,
0,0,0,0,0,0,0,0,0,0,0,0,0,0,0,0,0,0,0,0,0,0,0,0,0,0,0,0,0,0,0,0,
0,0,0,0,0,0,0,0,0,0,0,0,0,0,0,0,0,0,0,0,0,0,0,0,0,0,0,0,0,0,0,0,
0,0,0,0,0,0,0,0,0,0,0,0,0,3673,0,0,0,0,3671,0,0,0,0,0,0,0,0,0,0,0,0,0,
0,0,0,0,0,0,0,0,0,0,0,0,0,0,0,0,0,0,0,0,0,0,0,0,0,0,0,0,0,0,0,0

[layer]
type=decord
data=
0,0,0,0,0,0,0,0,0,0,0,0,0,0,0,0,0,0,0,0,0,0,0,0,0,0,0,0,0,0,0,0,
0,0,0,0,0,0,0,0,0,0,0,0,0,0,0,325,326,0,0,0,0,0,0,0,0,0,0,0,0,0,0,0,
0,0,0,0,0,0,0,0,0,0,0,0,0,0,0,341,342,0,0,0,0,0,0,0,0,0,0,0,0,0,0,0,
0,0,0,0,0,0,0,0,0,0,0,0,0,0,0,357,358,0,0,0,0,0,0,0,0,0,0,0,0,0,0,0,
0,0,0,0,0,0,0,0,0,0,0,0,0,0,0,0,0,0,0,0,0,0,0,0,0,0,0,0,0,0,0,0,
0,0,0,0,0,0,0,0,259,0,0,0,0,0,0,0,0,0,0,0,0,0,0,0,0,0,0,0,0,0,0,0,
0,0,0,0,0,0,210,0,0,0,0,0,0,0,0,0,0,0,0,0,0,0,0,0,0,0,0,0,0,0,0,0,
0,0,0,0,0,0,0,241,0,0,0,0,0,0,0,0,0,0,0,0,0,0,0,0,0,0,0,0,0,0,0,0,
0,0,0,0,0,0,0,0,0,0,0,0,0,0,0,0,0,0,0,0,0,0,0,0,0,231,232,0,0,0,0,0,
0,0,0,0,0,0,0,0,0,0,0,0,0,0,261,0,261,0,0,0,0,0,0,0,0,0,0,0,0,0,0,0,
0,0,0,0,0,0,0,0,0,0,0,0,0,0,0,0,0,0,0,0,0,0,0,0,0,0,0,0,0,0,0,0,
0,0,0,0,0,0,0,0,0,0,0,0,0,0,0,0,0,0,0,0,0,0,0,0,0,0,0,0,0,0,0,0,
0,0,0,0,0,0,0,4086,4087,0,0,0,0,0,0,0,0,0,0,0,0,0,0,0,0,0,0,0,0,0,0,0,
0,0,0,0,0,0,0,0,0,0,0,0,0,0,0,0,0,0,0,0,0,0,0,0,0,0,0,0,0,0,0,0,
0,0,0,0,0,0,0,0,0,0,0,0,0,0,0,0,0,0,0,0,0,0,0,0,0,0,0,0,0,0,0,0,
0,0,0,0,0,0,0,0,0,0,0,0,0,0,0,0,0,0,0,0,0,0,0,0,0,0,0,0,0,0,0,0,
0,0,0,0,0,0,0,0,0,0,0,0,0,0,0,0,0,0,0,0,0,0,0,215,216,0,0,0,0,0,0,0,
0,0,0,0,0,0,0,0,0,0,0,0,0,0,0,0,0,0,0,0,0,0,0,231,232,0,0,0,0,0,0,0,
0,0,0,0,0,0,0,0,0,0,0,0,0,0,0,0,0,0,0,0,0,0,0,0,0,0,0,0,0,0,0,0,
0,0,0,0,0,0,0,0,0,0,0,0,0,0,0,0,0,0,0,0,0,0,0,0,0,0,0,0,0,0,0,0,
0,0,0,0,0,0,0,0,0,0,0,0,0,0,0,0,0,0,0,0,0,0,0,0,0,0,0,0,0,0,0,0,
0,0,0,0,0,0,0,0,0,0,0,0,0,261,0,0,0,0,261,0,0,0,0,0,0,0,0,0,0,0,0,0,
0,0,0,0,0,0,0,0,0,0,0,0,0,0,0,0,0,0,0,0,0,0,0,0,0,0,0,0,0,0,0,0,
0,0,0,0,0,0,0,0,0,0,0,0,0,0,0,0,0,0,0,0,0,0,0,0,0,0,0,0,0,0,0,0

[layer]
type=decord2
data=
0,0,0,0,0,0,0,0,0,0,0,0,0,0,0,0,0,0,0,0,0,0,0,0,0,0,0,0,0,0,0,0,
0,0,0,0,0,0,0,0,0,0,0,0,0,0,0,0,0,0,0,0,0,0,0,0,0,0,0,0,0,0,0,0,
0,0,0,0,0,0,0,0,0,0,0,0,0,0,0,0,0,0,0,0,0,0,0,0,0,0,0,0,0,0,0,0,
0,0,0,0,0,0,0,0,0,0,0,0,0,0,0,0,0,0,0,0,0,0,0,0,0,0,0,0,0,0,0,0,
0,0,0,0,0,0,0,0,4447,0,0,0,0,0,0,0,0,0,0,0,0,0,0,0,0,0,0,0,0,0,0,0,
0,0,0,0,0,0,0,0,0,0,0,0,0,0,0,0,0,0,0,0,0,0,0,0,0,0,0,0,0,0,0,0,
0,0,0,0,0,0,0,4445,0,0,0,0,0,0,0,0,0,0,0,0,0,0,0,0,0,0,0,0,0,0,0,0,
0,0,0,0,0,0,0,0,0,0,0,0,0,0,0,0,0,0,0,0,0,0,0,0,0,215,216,0,0,0,0,0,
0,0,0,0,0,0,0,0,0,0,0,0,0,0,3320,0,3320,0,0,0,0,0,0,0,0,0,0,0,0,0,0,0,
0,0,135,136,0,0,0,0,0,0,0,0,0,0,0,0,0,0,0,0,0,0,0,0,0,0,0,0,0,0,0,0,
0,0,0,0,0,0,0,0,0,0,0,0,0,0,0,0,0,0,0,0,0,0,0,0,0,0,0,0,0,0,0,0,
0,0,0,0,0,0,0,4035,4036,0,0,0,0,0,0,0,0,0,0,0,0,0,0,0,0,0,0,0,0,0,0,0,
0,0,0,0,0,0,0,0,0,0,0,0,0,0,0,0,0,0,0,0,0,0,0,0,0,0,0,0,0,0,0,0,
0,0,0,0,0,0,0,0,0,0,0,0,0,0,0,0,0,0,0,0,0,0,0,0,0,0,0,0,0,0,0,0,
0,0,0,0,0,0,0,0,0,0,0,0,0,0,0,0,0,0,0,0,0,0,0,0,0,0,0,0,0,0,0,0,
0,0,0,0,0,0,0,0,0,0,0,0,0,0,0,0,0,0,0,0,0,0,0,0,0,0,0,0,0,0,0,0,
0,0,0,0,0,0,0,0,0,0,0,0,0,0,0,0,0,0,0,0,0,0,0,0,0,0,0,0,0,0,0,0,
0,0,0,0,0,0,0,0,0,0,0,0,0,0,0,0,0,0,0,0,0,0,0,0,0,0,0,0,0,0,0,0,
0,0,0,0,0,0,0,0,0,0,0,0,0,0,0,0,0,0,0,0,0,0,0,0,0,0,0,0,0,0,0,0,
0,0,0,0,0,0,0,0,0,0,0,0,0,0,0,0,0,0,0,0,0,0,0,0,0,0,0,0,0,0,0,0,
0,0,136,0,0,0,0,0,0,0,0,0,0,3320,0,0,0,0,3320,0,0,0,0,0,0,0,0,0,0,0,0,0,
0,0,0,135,136,0,0,0,0,0,0,0,0,0,0,0,0,0,0,0,0,0,0,0,0,0,0,0,0,134,0,0,
0,0,0,0,0,0,0,0,0,0,0,0,0,0,0,0,0,0,0,0,0,0,0,0,0,0,0,0,0,0,0,0,
0,0,0,0,0,0,0,0,0,0,0,0,0,0,0,0,0,0,0,0,0,0,0,0,0,0,0,0,0,0,0,0

[layer]
type=collision
data=
0,0,0,0,0,0,0,0,0,0,0,0,0,0,0,0,0,0,0,0,0,0,0,0,0,0,0,0,0,0,0,0,
0,0,0,0,0,0,0,0,0,0,0,0,0,0,0,0,0,0,0,0,0,0,0,0,0,0,0,0,0,0,0,0,
0,0,0,0,0,0,0,0,0,0,0,0,3190,3190,3190,3190,3190,3190,3190,3190,0,0,0,0,0,0,0,0,0,0,0,0,
0,3190,3190,3190,3190,3190,3190,3190,3190,3190,3190,3190,3190,0,0,3190,3190,0,0,3190,3190,3190,3190,3190,3190,3190,3190,3190,3190,3190,3190,0,
0,3190,0,0,0,0,0,0,0,0,0,0,3190,0,0,0,0,0,0,3190,0,0,0,0,0,0,0,0,0,0,3190,0,
0,3190,3190,3190,0,0,0,0,3190,0,0,0,3190,0,0,0,0,0,0,3190,0,0,0,0,0,0,0,0,0,0,3190,0,
0,3190,0,3190,0,0,3190,0,0,0,0,0,3190,0,0,0,0,0,3190,3190,0,0,0,0,0,0,0,0,0,0,3190,0,
0,3190,3190,3190,0,0,0,3190,0,0,0,0,3190,3190,3190,0,3190,3190,3190,0,0,0,0,0,0,0,0,0,0,0,3190,0,
0,3190,0,0,0,0,0,0,0,0,0,0,0,3190,3190,0,3190,3190,0,0,0,0,0,0,0,3190,3190,0,0,0,3190,0,
0,3190,0,0,0,0,0,0,0,0,0,0,0,0,3190,0,3190,0,0,0,0,0,0,0,0,0,0,0,0,0,3190,0,
0,3190,3190,3190,0,0,0,0,0,0,0,0,0,0,0,0,0,0,0,0,0,0,0,0,0,0,0,3190,3190,3190,3190,0,
0,0,0,3190,0,0,0,0,0,0,0,0,0,0,0,0,0,0,0,0,0,0,0,0,0,0,3190,3190,0,0,3190,0,
0,0,0,3190,0,0,0,3190,3190,0,0,0,0,0,0,0,0,0,0,0,0,0,3190,3190,3190,3190,3190,0,0,0,3190,0,
0,0,0,3190,0,0,0,0,0,0,0,0,0,0,0,0,0,0,0,0,0,3190,3190,0,0,0,0,0,0,0,3190,0,
0,3190,3190,3190,0,0,0,0,0,0,0,0,0,0,0,0,0,0,0,0,0,3190,3190,0,0,0,0,0,0,0,3190,0,
0,3190,3190,0,0,0,0,0,0,0,0,0,0,0,0,0,0,0,0,0,0,0,3190,0,0,0,0,0,0,0,3190,0,
0,3190,0,0,0,0,0,0,0,0,0,0,0,0,0,0,0,0,0,0,0,0,3190,0,0,3190,3190,3190,3190,3190,3190,0,
0,3190,0,0,0,0,0,0,0,0,0,0,0,0,0,0,0,0,0,0,0,0,0,3190,3190,0,0,0,0,0,3190,0,
0,3190,0,0,0,0,0,0,0,0,0,0,0,0,0,0,0,0,0,0,0,0,0,0,0,0,0,0,0,0,3190,0,
0,3190,0,0,0,0,0,0,0,0,0,0,0,0,0,0,0,0,0,0,0,0,0,0,0,0,0,0,0,0,3190,0,
0,3190,3190,0,0,0,0,0,0,0,0,0,0,0,0,0,0,0,0,0,0,0,0,0,0,0,0,0,0,0,3190,0,
0,3190,3190,3190,3190,0,0,0,0,0,0,0,0,3190,0,0,0,0,3190,0,0,0,0,0,0,0,0,0,0,3190,3190,0,
0,0,3190,3190,3190,3190,3190,3190,3190,3190,3190,3190,3190,3190,0,0,0,0,3190,3190,3190,3190,3190,3190,3190,3190,3190,3190,3190,3190,3190,0,
3190,3190,3190,3190,3190,3190,3190,3190,3190,3190,3190,3190,3190,3190,3190,3190,3190,3190,3190,3190,3190,3190,3190,3190,3190,3190,3190,3190,3190,3190,3190,3190

[layer]
type=event
data=
-42,-42,-42,-42,-42,-42,-42,-42,-42,-42,-42,-42,-42,-42,-42,-42,-42,-42,-42,-42,-42,-42,-42,-42,-42,-42,-42,-42,-42,-42,-42,-42,
-42,-42,-42,-42,-42,-42,-42,-42,-42,-42,-42,-42,-42,-42,-42,-42,-42,-42,-42,-42,-42,-42,-42,-42,-42,-42,-42,-42,-42,-42,-42,-42,
-42,-42,-42,-42,-42,-42,-42,-42,-42,-42,-42,-42,-42,-42,-42,-42,-42,-42,-42,-42,-42,-42,-42,-42,-42,-42,-42,-42,-42,-42,-42,-42,
-42,-42,-42,-42,-42,-42,-42,-42,-42,-42,-42,-42,-42,-42,-42,-42,-42,-42,-42,-42,-42,-42,-42,-42,-42,-42,-42,-42,-42,-42,-42,-42,
-42,-42,-42,-42,-42,-42,-42,-42,-42,-42,-42,-42,-42,-42,-42,-42,-42,-42,-42,-42,-42,-42,-42,-42,-42,-42,-42,-42,-42,-42,-42,-42,
-42,-42,-42,-42,-42,-42,-42,-42,-42,-42,-42,-42,-42,-42,-42,-42,-42,-42,-42,-42,-42,-42,-42,-42,-42,-42,-42,-42,-42,-42,-42,-42,
-42,-42,-42,-42,-42,-42,-42,-42,-42,-42,-42,-42,-42,-42,-42,-42,-42,-42,-42,-42,-42,-42,-42,-42,-42,-42,-42,-42,-42,-42,-42,-42,
-42,-42,-42,-42,-42,-42,-42,-42,-42,-42,-42,-42,-42,-42,-42,-42,-42,-42,-42,-42,-42,-42,-42,-42,-42,-42,-42,-42,-42,-42,-42,-42,
-42,-42,-42,-42,-42,-42,-42,-42,-42,-42,-42,-42,-42,-42,-42,-42,-42,-42,-42,-42,-42,-42,-42,-42,-42,-42,-42,-42,-42,-42,-42,-42,
-42,-42,-42,-42,-42,-42,-42,-42,-42,-42,-42,-42,-42,-42,-42,-42,-42,-42,-42,-42,-42,-42,-42,-42,-42,-42,-42,-42,-42,-42,-42,-42,
-42,-42,-42,-42,-42,-42,-42,-42,-42,-42,-42,-42,-42,-42,-42,-42,-42,-42,-42,-42,-42,-42,-42,-42,-42,-42,-42,-42,-42,-42,-42,-42,
-42,-42,-42,-42,-42,-42,-42,-42,-42,-42,-42,-42,-42,-42,-42,-42,-42,-42,-42,-42,-42,-42,-42,-42,-42,-42,-42,-42,-42,-42,-42,-42,
-42,-42,-42,-42,-42,-42,-42,-42,-42,-42,-42,-42,-42,-42,-42,-42,-42,-42,-42,-42,-42,-42,-42,-42,-42,-42,-42,-42,-42,-42,-42,-42,
-42,-42,-42,-42,-42,-42,-42,-42,-42,-42,-42,-42,-42,-42,-42,-42,-42,-42,-42,-42,-42,-42,-42,-42,-42,-42,-42,-42,-42,-42,-42,-42,
-42,-42,-42,-42,-42,-42,-42,-42,-42,-42,-42,-42,-42,-42,-42,-42,-42,-42,-42,-42,-42,-42,-42,-42,-42,-42,-42,-42,-42,-42,-42,-42,
-42,-42,-42,-42,-42,-42,-42,-42,-42,-42,-42,-42,-42,-42,-42,-42,-42,-42,-42,-42,-42,-42,-42,-42,-42,-42,-42,-42,-42,-42,-42,-42,
-42,-42,-42,-42,-42,-42,-42,-42,-42,-42,-42,-42,-42,-42,-42,-42,-42,-42,-42,-42,-42,-42,-42,-42,-42,-42,-42,-42,-42,-42,-42,-42,
-42,-42,-42,-42,-42,-42,-42,-42,-42,-42,-42,-42,-42,-42,-42,-42,-42,-42,-42,-42,-42,-42,-42,-42,-42,-42,-42,-42,-42,-42,-42,-42,
-42,-42,-42,-42,-42,-42,-42,-42,-42,-42,-42,-42,-42,-42,-42,-42,-42,-42,-42,-42,-42,-42,-42,-42,-42,-42,-42,-42,-42,-42,-42,-42,
-42,-42,-42,-42,-42,-42,-42,-42,-42,-42,-42,-42,-42,-42,-42,-42,-42,-42,-42,-42,-42,-42,-42,-42,-42,-42,-42,-42,-42,-42,-42,-42,
-42,-42,-42,-42,-42,-42,-42,-42,-42,-42,-42,-42,-42,-42,-42,-42,-42,-42,-42,-42,-42,-42,-42,-42,-42,-42,-42,-42,-42,-42,-42,-42,
-42,-42,-42,-42,-42,-42,-42,-42,-42,-42,-42,-42,-42,-42,-42,-42,-42,-42,-42,-42,-42,-42,-42,-42,-42,-42,-42,-42,-42,-42,-42,-42,
-42,-42,-42,-42,-42,-42,-42,-42,-42,-42,-42,-42,-42,-42,-42,-42,-42,-42,-42,-42,-42,-42,-42,-42,-42,-42,-42,-42,-42,-42,-42,-42,
-42,-42,-42,-42,-42,-42,-42,-42,-42,-42,-42,-42,-42,-42,10,10,10,10,-42,-42,-42,-42,-42,-42,-42,-42,-42,-42,-42,-42,-42,-42

