[header]
width=47
height=22
tilewidth=16
tileheight=16
orientation=orthogonal

[tilesets]
tileset=tileset/ff_master_tile_sheet.png
tileset=tileset/house.png
tileset=tileset/collision.png
tileset=tileset/dungeon.png
tileset=tileset/doors.png
tileset=tileset/outside.png
tileset=tileset/tileA1_town.png
tileset=tileset/castle.png

[layer]
type=sol1
data=
4755,4755,4755,4755,4755,4755,4755,4755,4755,4755,4755,4755,4755,4755,4755,4755,4755,4755,4755,4755,4755,4755,4755,4755,4755,4755,4755,4755,4755,4755,4755,4755,4755,4755,4755,4755,4755,4755,4755,4755,4755,4755,4755,4755,4755,4755,4755,
4755,5522,8141,8141,8141,8141,8141,8141,5522,5522,5522,5522,5522,5522,5522,987,988,989,987,988,989,166,8141,8141,8141,8141,8141,5522,8141,8141,8141,8141,8141,8141,5522,5522,5522,5522,5522,5522,5522,5522,5522,5522,5522,5522,4755,
4755,8141,8141,8141,8141,8141,8141,8141,5522,8141,8141,8141,8141,8141,5522,1028,1029,1030,1028,1029,1030,166,8141,8141,8141,8141,8141,5522,5522,8141,8141,8141,8141,8141,8141,5522,5522,5522,5522,5522,5522,5522,5522,5522,5522,5522,4755,
4755,8141,8141,8141,8141,8141,8141,8141,5522,8141,8141,8141,8141,8141,8141,415,166,166,166,166,166,166,5522,8141,8141,8141,8141,8141,8141,8141,8141,8141,8141,8141,5522,5522,5522,5522,5522,5522,5522,5522,5522,5522,5522,5179,4755,
4755,5522,5522,5522,5522,5522,5522,5522,5522,5522,5522,5522,5522,5522,5522,5522,661,166,167,167,661,661,5522,5522,5522,5522,5522,5522,5522,5522,5522,5522,5522,5522,5522,5165,5165,5165,5165,5165,5165,5165,5165,5522,5179,4810,4755,
4755,5165,5165,5165,5165,5165,5165,5165,5165,5165,5165,5165,5165,5165,5165,5165,5179,168,167,167,5165,5522,5165,5165,5165,5165,5165,5165,5165,5165,5165,5165,5165,5165,5165,5165,5165,5165,5165,5165,5165,5165,5165,5165,4810,4810,4755,
4755,670,670,670,670,670,670,670,670,672,5178,5165,5165,5165,5165,5179,167,166,223,168,5178,5177,5165,5165,5177,5165,5165,5165,5177,5177,5165,5165,5179,166,168,424,424,424,168,169,166,167,167,166,4810,4810,4755,
4755,168,169,169,169,167,169,168,169,169,169,169,168,167,166,166,168,168,214,166,166,169,167,168,167,167,169,166,221,169,166,169,218,167,426,44,44,44,425,167,169,169,166,166,223,4810,4755,
4755,168,166,167,218,166,217,167,169,168,166,168,216,169,673,169,224,167,166,168,168,169,166,223,169,673,169,223,216,167,169,166,167,167,415,415,415,415,415,168,169,169,167,5174,4810,4810,4755,
4755,166,168,167,167,217,166,169,664,661,667,169,166,169,169,167,166,166,167,167,665,661,661,661,669,673,673,664,667,169,169,166,664,661,661,661,661,8141,661,661,661,661,5165,5165,5174,5174,4755,
4755,168,5180,661,661,661,661,661,5165,5165,5165,5168,5168,5165,5165,5168,5168,5168,5168,5165,5165,5165,5165,5165,5165,661,661,5165,5165,169,167,671,5165,5165,5165,5165,5165,5165,5165,5165,5165,5165,5165,5165,5165,5165,4755,
4755,168,5180,5165,5165,5165,5165,5165,5165,5165,5165,5165,5165,5165,5165,5165,5165,5165,5165,5165,5165,5165,5165,5165,5165,5165,5165,5165,5165,424,424,412,663,5165,5165,5165,5165,5165,5165,5165,8141,8141,8141,8141,5165,5165,4755,
4755,167,5180,5180,8141,8141,8141,8141,5165,8141,8141,8141,8141,8141,8141,8141,8141,8141,8141,8141,5165,5165,8141,8141,8141,8141,5165,5165,467,591,468,425,663,658,8141,8141,8141,8141,8141,8141,8141,8141,8141,8141,8141,8141,4755,
4755,224,5180,5180,8141,5165,8141,8141,8141,8141,8141,8141,8141,8141,8141,8141,8141,8141,8141,8141,8141,8141,8141,8141,8141,5165,5165,5165,591,591,427,509,466,658,8141,8141,8141,8141,8141,8141,8141,8141,8141,8141,8141,8141,4755,
4755,5176,5171,5165,8141,8141,5165,5165,5165,8141,8141,8141,8141,8141,5165,5165,8141,8141,8141,8141,8141,8141,8141,8141,5165,5165,5165,467,591,509,96,509,509,8141,8141,8141,8141,8141,8141,8141,8141,8141,8141,8141,8141,8141,4755,
4755,5165,5165,5165,8141,8141,5165,5165,5165,5165,8141,8141,8141,8141,8141,5165,8141,8141,8141,8141,5165,5165,8141,8141,8141,8141,586,509,591,139,468,550,8039,8039,8039,8039,8141,8141,8039,8039,8039,8039,8141,8141,8141,8141,4755,
4755,5165,5165,5165,5165,8141,5165,5165,5165,5165,5165,5165,5165,5165,5165,5165,8141,8141,8141,8141,5165,5165,5165,5165,5165,5165,586,129,509,509,509,99,8039,8039,8039,8039,8039,8039,8039,8039,8039,8039,8039,8039,8039,8039,4755,
4755,5165,5165,5165,8141,5165,5165,5165,5165,5165,5165,8141,8141,8141,8141,8141,5165,8141,8141,5165,5165,5165,5165,5165,5165,5165,467,550,509,127,509,427,509,8039,8039,8039,8039,8039,8039,8039,8039,8039,8039,48,54,8039,4755,
4755,5165,8141,8141,8141,8141,8141,8141,8141,8141,5165,8141,8141,8141,8141,8141,8141,8141,8141,8141,8141,8141,8141,8141,8141,5165,509,550,591,550,468,591,550,8039,8039,8039,44,44,45,44,48,47,51,45,52,45,4755,
4755,5165,8141,8141,8141,5165,8141,8141,8141,8141,8141,5165,8141,8141,8141,8141,8141,8141,8141,8141,8141,8141,8141,8141,8141,5165,468,550,550,427,468,509,509,8039,8039,8039,45,47,48,44,48,48,46,48,47,44,4755,
4755,5165,5165,5165,5165,5165,8141,8141,8141,8141,8141,8141,8141,5165,5165,5165,5165,5165,5165,5165,5165,5165,5165,5165,5165,5165,509,87,509,427,509,550,550,8039,8039,48,48,48,46,44,44,45,44,47,48,51,4755,
4755,4755,4755,4755,4755,4755,4755,4755,4755,4755,4755,4755,4755,4755,4755,4755,4755,4755,4755,4755,4755,4755,4755,4755,4755,4755,4755,4755,4755,4755,4755,4755,4755,4755,4755,4755,4755,4755,4755,4755,4755,4755,4755,4755,4755,4755,4755

[layer]
type=sol2
data=
0,0,0,0,0,0,0,0,0,0,0,0,0,0,0,0,0,0,0,0,0,0,0,0,0,0,0,0,0,0,0,0,0,0,0,0,0,0,0,0,0,0,0,0,0,0,0,
0,0,0,0,0,0,0,0,0,0,0,0,0,0,0,0,0,0,0,0,0,0,0,0,0,0,0,0,0,0,0,0,0,0,0,0,0,0,0,0,0,0,0,0,0,0,0,
0,0,0,0,0,0,0,0,0,0,0,0,0,0,0,0,0,0,0,0,0,0,0,0,0,0,0,0,0,0,0,0,0,0,0,0,0,0,0,0,0,0,0,0,0,0,0,
0,0,0,0,0,0,0,0,0,0,0,0,0,0,0,0,0,0,0,0,0,0,0,0,0,0,0,0,0,0,0,0,0,0,0,0,0,0,0,0,0,0,0,0,0,0,0,
0,0,0,0,0,0,0,0,0,0,0,0,0,0,0,0,0,0,0,0,0,0,0,0,0,0,0,0,0,0,0,0,0,0,0,0,0,0,0,0,0,0,0,0,0,0,0,
0,0,0,0,0,0,0,0,0,0,0,0,0,0,0,0,0,0,0,0,0,0,0,0,0,0,0,0,0,0,0,0,0,0,0,0,0,0,0,0,0,0,0,0,0,0,0,
0,0,0,0,0,0,0,0,0,0,0,0,0,0,0,0,0,0,0,0,0,0,0,0,0,0,0,0,0,0,0,0,0,0,0,0,0,0,0,0,0,0,0,0,0,0,0,
0,0,0,0,0,0,0,0,0,0,0,0,0,0,0,0,0,0,0,0,0,0,0,0,0,0,0,0,0,0,0,0,0,0,0,0,0,0,0,0,0,0,0,0,0,0,0,
0,0,0,0,0,0,0,0,0,0,0,0,0,0,0,0,0,0,0,0,0,0,0,0,0,0,0,0,0,0,0,0,0,0,0,0,0,0,0,0,0,0,0,0,0,0,0,
0,0,0,0,0,0,0,0,0,0,0,0,0,0,0,0,0,0,0,0,0,0,0,0,0,0,0,0,0,0,0,0,0,0,0,0,0,0,0,0,0,0,0,0,0,0,0,
0,0,0,0,0,0,0,0,0,0,0,0,0,0,0,0,0,0,0,0,0,0,0,0,0,0,0,0,0,0,0,0,0,0,0,0,0,0,0,0,0,0,0,0,0,0,0,
0,0,0,2152,2153,2153,2153,2153,2154,2159,2160,2160,2160,2160,2161,2152,2153,2153,2153,2153,2154,2436,2437,2438,2439,2440,2441,0,0,0,0,0,0,0,0,0,0,0,0,0,0,0,0,0,0,0,0,
0,0,0,2221,2222,2222,2222,2222,2223,2228,2229,2229,2229,2229,0,2221,2222,2222,2222,2222,2223,2505,2506,2507,2508,2509,2510,0,0,0,0,0,0,0,0,8079,8107,8107,8107,8107,8107,8107,8107,8107,8107,8107,0,
0,0,0,2290,2291,2291,2291,2291,2292,2297,2298,2298,2298,2298,0,2290,2291,2291,2291,2291,2292,2574,2575,2576,2577,2578,2579,0,0,0,0,0,0,0,8079,8113,8181,8141,8141,8141,8141,8141,8141,8141,8141,8141,0,
0,0,0,2359,2360,2360,2360,2360,2361,2366,2367,2367,2367,2367,0,2359,2360,2360,2360,2360,2361,2643,2644,2645,2646,2647,2648,0,0,0,0,0,0,8079,8113,8181,8215,8175,8175,8175,8175,8175,8175,8175,8175,8175,0,
0,0,0,0,0,0,0,0,0,0,0,0,0,0,0,0,0,0,0,0,0,0,0,0,0,0,0,0,0,0,0,0,0,8140,8141,8109,8249,8209,8209,8209,8209,8209,8209,8209,8209,8209,0,
0,0,0,0,0,0,0,0,0,0,0,0,0,0,0,0,0,0,0,0,0,0,0,0,0,0,0,0,0,0,0,0,0,8140,8141,8142,8283,8243,8243,8243,8243,8243,8243,8243,8243,8243,0,
0,0,0,0,0,0,0,0,0,0,0,0,0,0,0,0,0,0,0,0,0,0,0,0,0,0,0,0,0,0,0,0,0,8140,8141,8142,8317,8277,8277,8277,8277,8277,8277,8277,8277,8277,0,
0,0,0,0,0,0,0,0,0,0,0,0,0,0,0,0,0,0,0,0,0,0,0,0,0,0,0,0,0,0,0,0,0,8140,8141,8142,8351,0,0,0,0,0,0,0,0,0,0,
0,0,0,0,0,0,0,0,0,0,0,0,0,0,0,0,0,0,0,0,0,0,0,0,0,0,0,0,0,0,0,0,0,8140,8141,8142,0,0,0,0,0,0,0,0,0,0,0,
0,0,0,0,0,0,0,0,0,0,0,0,0,0,0,0,0,0,0,0,0,0,0,0,0,0,0,0,0,0,0,0,0,8140,8141,8142,0,0,0,0,0,0,0,0,0,0,0,
0,0,0,0,0,0,0,0,0,0,0,0,0,0,0,0,0,0,0,0,0,0,0,0,0,0,0,0,0,0,0,0,0,0,0,0,0,0,0,0,0,0,0,0,0,0,0

[layer]
type=decord1
data=
0,0,0,0,0,0,0,0,0,0,0,0,0,0,0,0,0,0,0,0,0,0,0,0,0,0,0,0,0,0,0,0,0,0,0,0,0,0,0,0,0,0,0,0,0,0,0,
0,3394,3395,3396,3397,3398,3399,3400,0,3394,3395,3396,3397,3398,3399,3400,1315,1280,0,1276,1198,3118,3119,3120,3121,3122,4158,4159,4153,4154,4155,4156,4157,4158,4159,4937,4937,4888,0,4937,0,0,0,0,4937,4937,0,
0,3463,3464,3465,3466,3467,3468,3469,0,3463,3464,3465,3466,3467,3468,3469,1280,566,567,0,1198,3187,3188,3189,3190,3191,4227,4228,4222,4223,4224,4225,4226,4227,4228,0,0,4939,4937,4889,4889,4937,197,198,0,0,0,
0,3100,3106,3103,3104,3105,3106,3102,0,3100,3106,3103,6235,3105,3106,3102,0,607,608,0,0,2410,2411,2413,6235,2415,2416,2412,2410,2419,2420,2413,6235,2415,2412,0,0,4937,4890,4940,4940,4937,238,239,0,0,0,
0,3169,3175,3172,3173,3174,3175,3171,0,3169,3175,3172,6247,3174,3175,3171,0,0,0,0,0,2479,2480,2482,6247,2484,2485,2481,2479,2488,2489,2482,6247,2484,2481,0,0,0,4941,0,0,0,197,198,0,0,0,
0,0,0,0,0,0,0,0,0,0,0,0,0,0,0,0,0,0,0,0,0,0,0,0,0,0,0,0,0,0,0,0,0,0,0,0,0,0,0,0,0,0,238,239,0,0,0,
0,197,198,0,0,0,0,0,0,0,0,0,0,0,0,0,0,0,0,0,0,0,0,0,0,0,0,0,0,0,0,0,0,0,0,0,0,0,0,0,0,0,0,0,0,0,0,
0,238,239,0,0,0,0,0,609,610,611,0,0,0,0,0,0,8050,8051,8052,0,0,0,0,0,0,0,0,0,0,0,0,0,0,0,0,0,0,0,0,0,0,0,0,0,0,0,
0,197,198,0,0,0,0,0,0,0,0,0,0,0,0,0,0,8084,8085,8086,0,0,0,0,0,0,0,0,0,0,0,0,0,0,0,0,0,0,0,0,0,0,0,0,0,0,0,
0,238,239,0,0,0,0,0,0,0,0,0,0,0,0,0,0,8118,8119,8120,0,0,0,0,0,0,0,0,0,0,0,0,0,0,0,0,0,0,0,0,0,0,197,198,0,0,0,
0,197,198,0,0,0,0,0,0,0,0,0,0,0,0,0,0,0,0,0,0,0,0,0,0,0,0,0,0,0,0,0,0,0,0,0,0,0,0,0,0,4942,238,239,0,0,0,
0,238,239,0,0,0,0,0,0,0,0,0,0,0,0,0,0,0,0,0,0,0,0,0,0,0,0,0,0,0,0,0,0,0,0,0,0,0,0,0,0,0,0,0,0,0,0,
0,0,0,0,0,0,0,0,0,0,0,0,0,0,2510,0,0,0,0,0,0,0,0,0,0,0,0,0,0,0,0,0,0,0,0,0,0,0,0,0,0,0,0,0,0,0,0,
0,0,0,0,0,0,0,0,0,0,0,0,0,0,2579,0,0,0,0,0,0,0,0,0,0,0,0,0,0,0,0,0,0,0,0,0,0,0,0,0,0,0,0,0,0,0,0,
0,0,0,0,0,0,0,0,0,0,0,0,0,0,2648,0,0,0,0,0,0,0,0,0,0,0,0,0,0,0,0,0,0,0,0,0,0,0,0,0,0,0,0,0,0,0,0,
0,0,0,2410,2418,2421,2422,2418,2412,2410,2418,2411,2418,4145,2412,2410,4145,2411,2421,2422,2412,2548,2549,2549,2557,2558,2550,0,0,0,0,0,0,0,0,0,0,0,0,0,0,0,0,0,0,0,0,
0,0,0,2479,2487,2490,2491,2480,2481,2479,2487,2480,2480,2487,2481,2479,2480,2487,2490,2491,2481,2617,2618,2618,2626,2627,2619,0,0,0,0,0,0,0,0,0,0,0,0,0,0,0,0,0,0,0,0,
0,0,0,0,0,0,0,0,0,0,0,0,0,0,0,0,0,0,0,0,0,0,0,0,0,0,4942,0,0,0,0,0,0,0,0,0,0,0,0,0,0,0,0,0,0,0,0,
0,0,0,0,0,0,0,0,0,0,0,0,0,0,0,0,0,0,0,0,0,0,0,0,0,0,609,612,613,0,0,4940,0,0,0,0,0,0,0,0,0,0,0,0,0,0,0,
0,0,0,0,0,0,0,0,0,0,0,0,0,0,0,0,0,0,0,0,0,0,0,0,0,0,0,0,0,531,0,0,532,0,0,0,0,0,0,0,0,0,0,0,0,0,0,
0,0,0,0,0,0,0,0,0,0,0,0,0,0,0,0,0,0,0,0,0,0,0,0,0,0,0,0,0,0,0,0,0,0,0,0,0,0,0,0,0,0,0,0,0,0,0,
0,0,0,0,0,0,0,0,0,0,0,0,0,0,0,0,0,0,0,0,0,0,0,0,0,0,0,0,0,0,0,0,0,0,0,0,0,0,0,0,0,0,0,0,0,0,0

[layer]
type=decord2
data=
0,0,0,0,0,0,0,0,0,0,0,0,0,0,0,0,0,0,0,0,0,0,0,0,0,0,0,0,0,0,0,0,0,0,0,0,0,0,0,0,0,0,0,0,0,0,0,
0,0,0,0,0,0,0,0,0,0,0,0,0,0,0,0,0,0,0,0,0,0,0,0,0,0,0,0,0,0,0,0,0,0,0,0,0,0,0,0,0,0,197,198,0,0,0,
0,0,0,0,0,0,0,0,0,0,0,0,0,0,0,0,0,0,0,0,0,0,0,0,0,0,0,0,0,0,0,0,0,0,0,0,0,0,0,0,0,0,238,239,0,0,0,
0,0,0,0,0,0,0,0,0,0,0,0,0,0,0,0,0,0,0,0,0,0,0,0,0,0,0,0,0,0,0,0,0,0,0,0,0,0,0,0,0,0,197,198,0,0,0,
0,0,0,0,0,0,0,488,489,0,0,0,0,0,0,6637,6638,6641,0,6637,6692,6641,0,0,0,0,0,0,0,0,0,0,0,0,0,0,0,0,0,0,0,0,238,239,0,0,0,
0,197,198,0,0,0,0,529,530,0,0,0,0,0,0,0,0,0,0,0,0,0,0,0,0,0,0,0,0,0,0,0,0,0,0,0,0,0,0,0,0,0,197,198,0,0,0,
0,238,239,0,0,0,0,0,0,569,570,0,0,0,0,0,0,0,0,0,0,0,0,0,0,0,0,0,0,0,0,0,0,0,0,0,0,0,0,0,0,0,238,239,0,0,0,
0,197,198,0,0,0,0,0,0,0,0,0,0,0,0,0,0,0,0,0,0,0,0,0,0,0,0,0,0,0,0,0,0,0,0,0,0,0,0,0,0,0,0,0,0,0,0,
0,238,239,0,0,0,0,0,0,0,0,0,0,0,0,0,0,0,0,0,0,0,0,0,0,0,0,0,0,0,0,0,0,0,0,0,0,0,0,0,0,0,197,198,0,0,0,
0,197,198,0,0,0,0,0,0,0,0,0,0,0,0,0,0,0,0,0,0,0,0,0,0,0,0,0,0,0,0,0,0,0,0,0,0,0,0,0,0,0,238,239,0,0,0,
0,238,239,0,0,0,0,0,0,0,0,0,0,0,0,0,0,0,0,0,0,0,0,0,0,0,0,0,0,0,0,0,0,0,0,0,0,0,0,0,0,0,197,198,0,0,0,
0,0,0,0,0,0,0,0,0,0,0,0,0,0,0,0,0,0,0,0,0,0,0,0,0,0,0,0,0,0,0,0,0,0,0,0,0,0,0,0,0,0,238,239,0,0,0,
0,0,0,0,0,0,0,0,0,0,0,0,0,0,0,0,0,0,0,0,0,0,0,0,0,0,0,0,0,0,0,0,0,0,0,0,0,0,0,0,0,0,0,0,0,0,0,
0,0,0,0,0,0,0,0,0,0,0,0,0,0,0,0,0,0,0,0,0,0,0,0,0,0,0,0,0,0,0,0,0,0,0,0,0,0,0,0,0,0,0,0,0,0,0,
0,0,0,0,0,0,0,0,0,0,0,0,0,0,0,0,0,0,0,0,0,0,0,0,0,0,0,0,0,0,0,0,0,0,0,0,0,0,0,0,0,0,0,0,0,0,0,
0,0,0,0,0,0,0,0,0,0,0,0,0,0,0,0,0,0,0,0,0,0,0,0,0,0,0,0,0,0,0,0,0,0,0,0,0,0,0,0,0,0,0,0,0,0,0,
0,0,2773,2774,2775,2776,2777,2778,2779,2773,2774,2775,2776,2777,2778,2779,0,0,0,2794,2795,2796,2797,2798,2799,2800,0,0,0,0,0,0,0,0,0,0,0,0,0,0,0,0,0,0,0,0,0,
0,0,2842,2843,2844,2845,2846,2847,2848,2842,2843,2844,2845,2846,2847,2848,0,0,0,2863,2864,2865,2866,2867,2868,2869,0,571,572,0,0,4889,0,0,0,0,0,0,0,0,0,0,0,0,0,0,0,
0,0,2911,2912,2913,2914,2915,2916,2917,2911,2912,2913,2914,2915,2916,2917,0,0,0,2932,2933,2934,2935,2936,2937,2938,0,197,198,490,197,198,491,0,0,0,0,0,0,0,0,0,0,0,0,0,0,
0,0,2980,2981,2982,2983,2984,2985,2986,2980,2981,2982,2983,2984,2985,2986,0,0,0,3001,3002,3003,3004,3005,3006,3007,0,238,239,0,238,239,0,0,0,0,0,0,0,0,0,0,0,0,0,0,0,
0,0,3049,3050,3051,3052,3053,3054,3055,3049,3050,3051,3052,3053,3054,3055,0,0,0,3070,3071,3072,3073,3074,3075,3076,0,0,0,0,0,0,0,0,0,0,0,0,0,0,0,0,0,0,0,0,0,
0,0,0,0,0,0,0,0,0,0,0,0,0,0,0,0,0,0,0,0,0,0,0,0,0,0,0,0,0,0,0,0,0,0,0,0,0,0,0,0,0,0,0,0,0,0,0

[layer]
type=collision1
data=
0,0,0,0,0,0,0,0,0,0,0,0,0,0,0,0,0,0,0,0,0,0,0,0,0,0,0,0,0,0,0,0,0,0,0,0,0,0,0,0,0,0,0,0,0,0,4755,
0,0,0,0,0,0,0,0,0,0,0,0,0,0,0,4755,4755,4755,4755,4755,4755,4755,0,0,0,0,0,0,0,0,0,0,0,0,4755,4755,4755,4755,0,0,0,0,0,4755,4755,4755,4755,
0,0,0,0,0,0,0,0,0,0,0,0,0,0,4755,4755,4755,4755,4755,4755,4755,4755,0,0,0,0,0,0,0,0,0,0,0,0,4755,0,0,4755,0,0,0,0,0,4755,0,0,4755,
0,0,0,4755,4755,4755,0,0,0,0,0,0,0,0,4755,4755,0,0,0,0,0,4755,0,0,0,0,0,0,0,0,0,0,0,0,4755,0,0,4755,4755,4755,4755,4755,4755,4755,0,0,4755,
0,0,4755,4755,0,4755,4755,4755,4755,4755,4755,4755,4755,4755,4755,4755,4755,4755,0,4755,4755,4755,4755,4755,4755,4755,4755,4755,4755,4755,4755,4755,4755,4755,4755,0,0,0,4755,0,0,0,4755,4755,0,0,4755,
0,0,4755,0,0,0,0,4755,4755,0,0,0,0,0,0,0,0,0,0,0,0,0,0,0,0,0,0,0,0,0,0,0,0,0,0,0,0,0,0,0,0,0,4755,4755,0,0,4755,
0,0,4755,0,0,0,0,0,0,0,0,0,0,0,0,0,0,0,0,0,0,0,0,0,0,0,0,0,0,0,0,0,0,0,0,0,0,0,0,0,0,0,4755,4755,0,0,4755,
0,4755,4755,0,0,0,0,0,0,4755,4755,0,0,0,0,0,0,4755,4755,4755,0,0,0,0,0,0,0,0,0,0,0,0,0,0,0,0,0,0,0,0,0,0,0,0,0,0,4755,
0,4755,4755,0,0,0,0,0,0,0,0,0,0,0,0,0,0,4755,4755,4755,0,0,0,0,0,0,0,0,0,0,0,0,0,0,0,0,0,0,0,0,0,0,0,0,0,0,4755,
0,0,4755,0,0,0,0,0,0,0,0,0,0,0,0,0,0,4755,4755,4755,0,0,0,0,0,0,0,0,0,0,0,0,0,0,0,0,0,0,0,0,0,0,4755,4755,0,0,4755,
0,0,4755,0,0,0,0,0,0,0,0,0,0,0,0,0,0,0,0,0,0,0,0,0,0,0,0,0,0,0,0,0,0,0,0,0,0,0,0,0,0,4755,4755,4755,0,0,4755,
0,4755,4755,0,0,0,0,0,0,0,0,0,0,0,0,0,0,0,0,0,0,0,0,0,0,0,0,0,0,0,0,0,0,0,0,0,0,0,0,0,0,0,4755,4755,0,0,4755,
0,0,4755,4755,4755,4755,4755,4755,4755,4755,4755,4755,4755,4755,4755,4755,4755,4755,4755,4755,4755,4755,4755,4755,4755,4755,4755,0,0,0,0,0,0,0,0,0,0,0,0,0,0,0,4755,4755,0,0,4755,
0,0,4755,4755,0,0,0,0,0,0,0,0,0,0,0,0,0,0,0,0,0,0,0,0,0,0,4755,0,0,0,0,0,0,0,0,0,4755,4755,4755,4755,4755,4755,4755,4755,4755,4755,4755,
0,0,0,0,0,0,0,0,0,0,0,0,0,0,0,0,0,0,0,0,0,0,0,0,0,0,4755,0,0,0,0,0,0,0,0,4755,4755,0,0,0,0,0,0,0,0,0,4755,
0,0,0,0,0,0,0,0,0,0,0,0,0,0,0,0,0,0,0,0,0,0,0,0,0,0,4755,0,0,0,0,0,0,4755,4755,4755,0,0,0,0,0,0,0,0,0,0,4755,
0,0,0,0,0,0,0,0,0,0,0,0,0,0,0,0,0,0,0,0,0,0,0,0,0,0,4755,0,0,0,0,0,0,4755,0,0,0,0,0,0,0,0,0,0,0,0,4755,
0,0,0,0,0,0,0,0,0,0,0,0,0,0,0,0,0,0,0,0,0,0,0,0,0,0,4755,0,0,0,0,0,0,4755,0,0,0,0,0,0,0,0,0,0,0,0,4755,
0,0,0,0,0,0,0,0,0,0,0,0,0,0,0,0,0,0,0,0,0,0,0,0,0,0,4755,4755,4755,0,4755,4755,0,4755,0,0,0,0,0,0,0,0,0,0,0,0,4755,
0,0,0,0,0,0,0,0,0,0,0,0,0,0,0,0,0,0,0,0,0,0,0,0,0,0,0,0,4755,4755,4755,4755,4755,4755,0,0,0,0,0,0,0,0,0,0,0,0,4755,
0,0,0,0,0,0,0,0,0,0,0,0,0,0,0,0,0,0,0,0,0,0,0,0,0,0,0,0,0,0,0,0,0,0,0,0,0,0,0,0,0,0,0,0,0,0,4755,
0,0,0,0,0,0,0,0,0,0,0,0,0,0,0,0,0,0,0,0,0,0,0,0,0,0,0,0,0,0,0,0,0,0,0,0,0,0,0,0,0,0,0,0,0,0,4755

[layer]
type=event
data=
-42,-42,-42,-42,-42,-42,-42,-42,-42,-42,-42,-42,-42,-42,-42,-42,-42,-42,-42,-42,-42,-42,-42,-42,-42,-42,-42,-42,-42,-42,-42,-42,-42,-42,-42,-42,-42,-42,-42,-42,-42,-42,-42,-42,-42,-42,40,
-42,-42,-42,-42,-42,-42,-42,-42,-42,-42,-42,-42,-42,-42,-42,-42,-42,-42,-42,-42,-42,-42,-42,-42,-42,-42,-42,-42,-42,-42,-42,-42,-42,-42,-42,-42,-42,-42,-42,-42,-42,-42,-42,-42,-42,-42,40,
-42,-42,-42,-42,-42,-42,-42,-42,-42,-42,-42,-42,-42,-42,-42,-42,-42,-42,-42,-42,-42,-42,-42,-42,-42,-42,-42,-42,-42,-42,-42,-42,-42,-42,-42,-42,-42,-42,-42,-42,-42,-42,-42,-42,-42,-42,40,
-42,-42,-42,-42,-42,-42,-42,-42,-42,-42,-42,-42,-42,-42,-42,-42,-42,-42,-42,-42,-42,-42,-42,-42,-42,-42,-42,-42,-42,-42,-42,-42,-42,-42,-42,-42,-42,-42,-42,-42,-42,-42,-42,-42,-42,-42,40,
-42,-42,-42,-42,-42,-42,-42,-42,-42,-42,-42,-42,-42,-42,-42,-42,-42,-42,-42,-42,-42,-42,-42,-42,-42,-42,-42,-42,-42,-42,-42,-42,-42,-42,-42,-42,-42,-42,-42,-42,-42,-42,-42,-42,-42,-42,40,
-42,-42,-42,-42,-42,-42,-42,-42,-42,-42,-42,-42,-42,-42,-42,-42,-42,-42,-42,-42,-42,-42,-42,-42,-42,-42,-42,-42,-42,-42,-42,-42,-42,-42,-42,-42,-42,-42,-42,-42,-42,-42,-42,-42,-42,-42,40,
-42,-42,-42,-42,-42,-42,-42,-42,-42,-42,-42,-42,-42,-42,-42,-42,-42,-42,-42,-42,-42,-42,-42,-42,-42,-42,-42,-42,-42,-42,-42,-42,-42,-42,-42,-42,-42,-42,-42,-42,-42,-42,-42,-42,-42,-42,40,
-42,-42,-42,-42,-42,-42,-42,-42,-42,-42,-42,-42,-42,-42,-42,-42,-42,-42,-42,-42,-42,-42,-42,-42,-42,-42,-42,-42,-42,-42,-42,-42,-42,-42,-42,-42,-42,-42,-42,-42,-42,-42,-42,-42,-42,-42,40,
-42,-42,-42,-42,-42,-42,-42,-42,-42,-42,-42,-42,-42,-42,-42,-42,-42,-42,-42,-42,-42,-42,-42,-42,-42,-42,-42,-42,-42,-42,-42,-42,-42,-42,-42,-42,-42,-42,-42,-42,-42,-42,-42,-42,-42,-42,40,
-42,-42,-42,-42,-42,-42,-42,-42,-42,-42,-42,-42,-42,-42,-42,-42,-42,-42,-42,-42,-42,-42,-42,-42,-42,-42,-42,-42,-42,-42,-42,-42,-42,-42,-42,-42,-42,-42,-42,-42,-42,-42,-42,-42,-42,-42,40,
-42,-42,-42,-42,-42,-42,-42,-42,-42,-42,-42,-42,-42,-42,-42,-42,-42,-42,-42,-42,-42,-42,-42,-42,-42,-42,-42,-42,-42,-42,-42,-42,-42,-42,-42,-42,-42,-42,-42,-42,-42,-42,-42,-42,-42,-42,40,
-42,-42,-42,-42,-42,-42,-42,-42,-42,-42,-42,-42,-42,-42,-42,-42,-42,-42,-42,-42,-42,-42,-42,-42,-42,-42,-42,-42,-42,-42,-42,-42,-42,-42,-42,-42,-42,-42,-42,-42,-42,-42,-42,-42,-42,-42,40,
-42,-42,-42,-42,-42,-42,-42,-42,-42,-42,-42,-42,-42,-42,-42,-42,-42,-42,-42,-42,-42,-42,-42,-42,-42,-42,-42,-42,-42,-42,-42,-42,-42,-42,-42,-42,-42,-42,-42,-42,-42,-42,-42,-42,-42,-42,40,
-42,-42,-42,-42,-42,-42,-42,-42,-42,-42,-42,-42,-42,-42,-42,-42,-42,-42,-42,-42,-42,-42,-42,-42,-42,-42,-42,-42,-42,-42,-42,-42,-42,-42,-42,-42,-42,-42,-42,-42,-42,-42,-42,-42,-42,-42,40,
-42,-42,-42,-42,-42,-42,-42,-42,-42,-42,-42,-42,-42,-42,-42,-42,-42,-42,-42,-42,-42,-42,-42,-42,-42,-42,-42,-42,-42,-42,-42,-42,-42,-42,-42,-42,-42,-42,-42,-42,-42,-42,-42,-42,-42,-42,40,
-42,-42,-42,-42,-42,-42,-42,-42,-42,-42,-42,-42,-42,-42,-42,-42,-42,-42,-42,-42,-42,-42,-42,-42,-42,-42,-42,-42,-42,-42,-42,-42,-42,-42,-42,-42,-42,-42,-42,-42,-42,-42,-42,-42,-42,-42,40,
-42,-42,-42,-42,-42,-42,-42,-42,-42,-42,-42,-42,-42,-42,-42,-42,-42,-42,-42,-42,-42,-42,-42,-42,-42,-42,-42,-42,-42,-42,-42,-42,-42,-42,-42,-42,-42,-42,-42,-42,-42,-42,-42,-42,-42,-42,40,
-42,-42,-42,-42,-42,-42,-42,-42,-42,-42,-42,-42,-42,-42,-42,-42,-42,-42,-42,-42,-42,-42,-42,-42,-42,-42,-42,-42,-42,-42,-42,-42,-42,-42,-42,-42,-42,-42,-42,-42,-42,-42,-42,-42,-42,-42,40,
-42,-42,-42,-42,-42,-42,-42,-42,-42,-42,-42,-42,-42,-42,-42,-42,-42,-42,-42,-42,-42,-42,-42,-42,-42,-42,-42,-42,-42,-42,-42,-42,-42,-42,-42,-42,-42,-42,-42,-42,-42,-42,-42,-42,-42,-42,40,
-42,-42,-42,-42,-42,-42,-42,-42,-42,-42,-42,-42,-42,-42,-42,-42,-42,-42,-42,-42,-42,-42,-42,-42,-42,-42,-42,-42,-42,-42,-42,-42,-42,-42,-42,-42,-42,-42,-42,-42,-42,-42,-42,-42,-42,-42,40,
-42,-42,-42,-42,-42,-42,-42,-42,-42,-42,-42,-42,-42,-42,-42,-42,-42,-42,-42,-42,-42,-42,-42,-42,-42,-42,-42,-42,-42,-42,-42,-42,-42,-42,-42,-42,-42,-42,-42,-42,-42,-42,-42,-42,-42,-42,40,
-42,-42,-42,-42,-42,-42,-42,-42,-42,-42,-42,-42,-42,-42,-42,-42,-42,-42,-42,-42,-42,-42,-42,-42,-42,-42,-42,-42,-42,-42,-42,-42,-42,-42,-42,-42,-42,-42,-42,-42,-42,-42,-42,-42,-42,-42,40
